0.086223
0.084935
0.086421
0.085445
0.084035
0.083243
0.085187
0.083720
0.085267
0.086970
0.086169
0.084514
0.084878
0.086522
0.082999
0.086590
0.086390
0.085808
0.085622
0.084472
0.086033
0.085172
0.085964
0.084510
0.092679
0.091806
0.086095
0.085708
0.162235
0.086241
0.084535
0.088630
0.090484
0.084860
0.092357
0.084525
0.087990
0.087250
0.085585
0.083978
0.087609
0.084687
0.086431
0.084189
0.084237
0.084566
0.088243
0.084692
0.089136
0.086220
0.099143
0.085391
0.085186
0.084487
0.093085
0.088201
0.084741
0.086763
0.086015
0.086744
0.092845
0.087722
0.086288
0.085662
0.086327
0.087241
0.085461
0.089652
0.085633
0.085101
0.083436
0.087879
0.088184
0.086237
0.086538
0.086100
0.084891
0.086951
0.084612
0.085092
0.087183
0.085967
0.087076
0.084999
0.085148
0.085854
0.097625
0.085117
0.088038
0.085127
0.085814
0.084707
0.083680
0.095216
0.086462
0.084979
0.086270
0.085559
0.084063
0.091329
0.085685
0.085839
0.086218
0.085360
0.091457
0.085926
0.083995
0.091815
0.086978
0.087423
0.086221
0.087133
0.085543
0.091629
0.090342
0.092470
0.084083
0.091165
0.083880
0.085009
0.084848
0.085453
0.084527
0.086954
0.084823
0.083860
0.086883
0.088682
0.085370
0.084861
0.085035
0.085829
0.089945
0.085505
0.085609
0.086863
0.085602
0.085557
0.086118
0.086892
0.084560
0.084523
0.087488
0.090595
0.085810
0.084346
0.088739
0.084566
0.089084
0.096798
0.082425
0.089064
0.090302
0.084091
0.084961
0.085359
0.086122
0.086706
0.084998
0.085449
0.087305
0.089044
0.093455
0.084698
0.085283
0.086653
0.084805
0.086118
0.086628
0.085412
0.100201
0.088188
0.085436
0.085115
0.087217
0.091093
0.085117
0.084641
0.083517
0.086311
0.085528
0.089260
0.091980
0.084548
0.084631
0.088560
0.087105
0.085238
0.086835
0.086278
0.085063
0.087148
0.088218
0.086733
0.085273
0.085394
0.085915
0.086558
0.089729
0.091518
0.088473
0.085053
0.085781
0.085057
0.086128
0.087459
0.085271
0.086560
0.084198
0.092360
0.091529
0.087649
0.091558
0.084712
0.087577
0.083464
0.087064
0.093682
0.084572
0.085510
0.094908
0.084291
0.086471
0.084830
0.084286
0.086624
0.087694
0.086110
0.085639
0.087378
0.087695
0.086737
0.087374
0.088091
0.090468
0.084280
0.085720
0.086879
0.089917
0.084962
0.088270
0.083669
0.084370
0.084709
0.085739
0.084401
0.083939
0.084992
0.084722
0.084868
0.090330
0.085302
0.084465
0.085993
0.084062
0.083541
0.084341
0.097014
0.086276
0.087054
0.085471
0.085650
0.089490
0.087917
0.091502
0.087577
0.085486
0.085804
0.089136
0.086491
0.084390
0.087394
0.088655
0.084735
0.085957
0.083706
0.092211
0.084555
0.085402
0.086113
0.084454
0.084684
0.084563
0.085765
0.086471
0.085991
0.086128
0.088799
0.083392
0.085828
0.092288
0.085334
0.165918
0.088406
0.088460
0.087045
0.105436
0.085346
0.086789
0.086430
0.086860
0.085174
0.086774
0.095988
0.086170
0.086928
0.084669
0.085559
0.086966
0.085805
0.089711
0.086531
0.084518
0.086608
0.082874
0.084760
0.094440
0.085333
0.084785
0.084800
0.085425
0.096315
0.085239
0.085379
0.085364
0.084645
0.086991
0.086292
0.084542
0.091818
0.085973
0.087631
0.085192
0.100194
0.085164
0.088200
0.085905
0.087978
0.089127
0.084240
0.085456
0.088826
0.084009
0.086853
0.085952
0.084198
0.087540
0.086107
0.090583
0.084892
0.087512
0.085102
0.092978
0.087332
0.085876
0.085946
0.086527
0.085946
0.086259
0.085579
0.086048
0.092568
0.087290
0.084399
0.084815
0.085904
0.086032
0.083665
0.083720
0.085762
0.086528
0.088666
0.098969
0.087536
0.086988
0.087799
0.085623
0.087053
0.084776
0.086545
0.085666
0.087967
0.084275
0.087792
0.086692
0.085183
0.102243
0.086081
0.084967
0.086294
0.086625
0.087734
0.085370
0.086039
0.084009
0.084636
0.091013
0.084091
0.084524
0.084561
0.085085
0.086806
0.085145
0.090700
0.086949
0.087503
0.085304
0.085835
0.091728
0.088385
0.088831
0.084617
0.089353
0.084867
0.085845
0.093301
0.084242
0.085096
0.093773
0.096667
0.087038
0.084518
0.088588
0.094995
0.089874
0.086132
0.086132
0.083039
0.084773
0.085787
0.085580
0.086061
0.102390
0.087841
0.083909
0.101187
0.088013
0.085445
0.089374
0.086183
0.086148
0.087038
0.086485
0.086027
0.087617
0.088026
0.086556
0.089346
0.084605
0.087833
0.085027
0.086811
0.086208
0.088405
0.089909
0.086882
0.088171
0.085584
0.089961
0.098139
0.087161
0.084786
0.084657
0.088519
0.088708
0.085550
0.085067
0.082874
0.088791
0.091965
0.089388
0.086808
0.086767
0.086481
0.087674
0.084353
0.104436
0.093497
0.090942
0.085554
0.084361
0.087156
0.092662
0.149251
0.087389
0.084907
0.084683
0.088219
0.084884
0.086810
0.084345
0.083374
0.088570
0.085780
0.084734
0.087205
0.084681
0.085176
0.084783
0.085626
0.085984
0.084121
0.084346
0.085076
0.086692
0.084589
0.085107
0.088018
0.087803
0.086766
0.085710
0.085112
0.086656
0.084996
0.085418
0.085253
0.089138
0.087439
0.084075
0.088843
0.086737
0.086012
0.096510
0.104740
0.085128
0.086461
0.085034
0.085824
0.086088
0.091058
0.086811
0.085736
0.084887
0.084522
0.084308
0.086615
0.087071
0.085320
0.084683
0.096590
0.085434
0.085790
0.087520
0.086357
0.085427
0.086419
0.088831
0.083619
0.086243
0.089080
0.086791
0.086626
0.085649
0.084474
0.084471
0.085101
0.094451
0.084925
0.085499
0.084845
0.091981
0.088721
0.087383
0.084549
0.088601
0.087531
0.086949
0.089901
0.085429
0.086181
0.091078
0.086699
0.087795
0.088033
0.088375
0.087811
0.085543
0.086402
0.085445
0.085216
0.111184
0.085087
0.090988
0.088566
0.084269
0.088948
0.087020
0.083879
0.083183
0.093772
0.086980
0.088001
0.087290
0.085593
0.094698
0.086512
0.090046
0.085823
0.084454
0.088491
0.086123
0.086261
0.085032
0.085556
0.093714
0.090414
0.091701
0.085375
0.086347
0.087611
0.093327
0.084761
0.084997
0.086306
0.087277
0.085834
0.085186
0.087709
0.087523
0.088638
0.085856
0.084441
0.085283
0.085145
0.088131
0.084375
0.087872
0.089663
0.085926
0.085559
0.086588
0.089614
0.086325
0.092559
0.085123
0.100383
0.094250
0.096783
0.086554
0.086381
0.083870
0.086816
0.087732
0.085541
0.087825
0.089453
0.084295
0.089048
0.085737
0.098653
0.084901
0.086191
0.086967
0.086187
0.087624
0.084437
0.087727
0.087245
0.088108
0.085772
0.086188
0.085597
0.086442
0.103294
0.085801
0.087420
0.091383
0.096950
0.089469
0.091470
0.087128
0.086102
0.084381
0.084177
0.085877
0.102243
0.099669
0.090748
0.088879
0.086072
0.085776
0.085343
0.086747
0.084816
0.085825
0.085341
0.084852
0.084687
0.085034
0.084943
0.088264
0.090410
0.083392
0.085041
0.087110
0.084190
0.086432
0.084976
0.083988
0.084361
0.084820
0.089470
0.085686
0.088408
0.085386
0.084713
0.087482
0.086737
0.085669
0.084998
0.088435
0.087357
0.087003
0.088218
0.084669
0.092821
0.085409
0.091991
0.085119
0.088142
0.093518
0.089815
0.085488
0.085860
0.084814
0.094471
0.089305
0.089114
0.088663
0.091201
0.085414
0.086943
0.084540
0.093246
0.085045
0.086669
0.082665
0.087018
0.087805
0.085599
0.085674
0.085214
0.086572
0.087487
0.087970
0.092653
0.084290
0.085184
0.088396
0.086067
0.086451
0.084507
0.086698
0.086132
0.087788
0.087807
0.091411
0.097713
0.086093
0.087019
0.085312
0.087425
0.093816
0.086565
0.087168
0.084867
0.087622
0.084990
0.088940
0.087980
0.088300
0.085906
0.085105
0.085511
0.087707
0.084328
0.085418
0.087609
0.085896
0.089645
0.085521
0.083568
0.084558
0.089849
0.092828
0.088484
0.084502
0.086072
0.088794
0.093029
0.085117
0.086669
0.086349
0.087369
0.086620
0.084689
0.089275
0.086114
0.092526
0.086474
0.090145
0.095456
0.086296
0.085238
0.085997
0.084539
0.084641
0.093431
0.097913
0.085629
0.087065
0.085348
0.086006
0.085729
0.085500
0.084110
0.085630
0.086251
0.084973
0.085317
0.093245
0.084212
0.091054
0.085912
0.085524
0.092823
0.087112
0.087118
0.086228
0.092373
0.085584
0.084518
0.086193
0.082023
0.084066
0.085481
0.086041
0.085275
0.085343
0.086114
0.085109
0.086647
0.084043
0.093787
0.086129
0.084269
0.087216
0.102172
0.087258
0.087249
0.086632
0.089195
0.084667
0.089714
0.085895
0.086605
0.084273
0.086088
0.090811
0.084801
0.087078
0.084153
0.086599
0.085583
0.087712
0.085747
0.086801
0.087265
0.085204
0.086139
0.085130
0.140610
0.083769
0.083639
0.085176
0.086626
0.087043
0.086765
0.088622
0.085025
0.085585
0.093844
0.087778
0.089164
0.091561
0.085372
0.086059
0.086197
0.085328
0.091837
0.092780
0.086280
0.090446
0.090321
0.083984
0.087514
0.085271
0.085938
0.086057
0.084497
0.095608
0.084537
0.085376
0.085407
0.085593
0.085630
0.092077
0.088798
0.085157
0.087268
0.087228
0.091509
0.087205
0.085172
0.084351
0.085271
0.083479
0.085886
0.087260
0.081439
0.087887
0.084793
0.085336
0.087041
0.087050
0.096673
0.084891
0.087182
0.083997
0.085597
0.086729
0.085026
0.089334
0.087196
0.086994
0.086537
0.084499
0.085330
0.083947
0.089276
0.086663
0.086862
0.091345
0.095321
0.086397
0.086404
0.085231
0.084458
0.084481
0.087451
0.089155
0.085961
0.083659
0.084577
0.084623
0.083970
0.088335
0.084969
0.087967
0.085597
0.090699
0.084843
0.085302
0.085945
0.084713
0.085401
0.091827
0.083946
0.084203
0.099233
0.085327
0.084421
0.084795
0.086738
0.085353
0.084883
0.085491
0.087044
0.086525
0.085053
0.084577
0.089452
0.085670
0.086215
0.086210
0.085801
0.084311
0.089263
0.084830
0.091606
0.085691
0.098305
0.085436
0.083838
0.086559
0.084151
0.085414
0.086588
0.083076
0.084418
