0.004164
0.004084
0.003993
0.004081
0.003973
0.003878
0.004115
0.004002
0.003988
0.005053
0.004648
0.004102
0.003951
0.004218
0.003957
0.004074
0.005849
0.004180
0.005404
0.003985
0.004269
0.004137
0.004134
0.004083
0.004253
0.004406
0.004060
0.004062
0.004277
0.004083
0.004123
0.004971
0.004395
0.004236
0.005162
0.004175
0.004133
0.004391
0.004257
0.004183
0.004196
0.004150
0.004521
0.004082
0.004313
0.004269
0.004021
0.004031
0.004264
0.004278
0.005051
0.004488
0.003667
0.004098
0.004251
0.005099
0.004122
0.004413
0.003291
0.004350
0.005588
0.004298
0.004249
0.004263
0.004398
0.004280
0.004269
0.004176
0.004256
0.004600
0.004288
0.005527
0.004192
0.004299
0.004183
0.004277
0.003928
0.003461
0.004051
0.004172
0.004465
0.004256
0.004297
0.004167
0.004235
0.004149
0.005429
0.004111
0.004395
0.004101
0.004204
0.004150
0.004048
0.004202
0.004244
0.004123
0.004327
0.004249
0.004139
0.004252
0.004323
0.004351
0.004121
0.004535
0.004471
0.004122
0.004224
0.004101
0.004229
0.005732
0.004332
0.004110
0.004082
0.004593
0.004252
0.004493
0.004212
0.005090
0.004096
0.004187
0.004225
0.004601
0.004364
0.004332
0.004178
0.004103
0.004413
0.006848
0.004314
0.004092
0.004489
0.004338
0.004872
0.004146
0.004268
0.004045
0.004276
0.004227
0.004255
0.004136
0.004349
0.004118
0.004277
0.004263
0.004086
0.004421
0.005147
0.004263
0.006169
0.003711
0.004117
0.008496
0.004197
0.004074
0.004143
0.004145
0.004713
0.004229
0.004253
0.004107
0.004263
0.004446
0.004497
0.004151
0.004262
0.004253
0.004163
0.004667
0.004139
0.004180
0.004383
0.004146
0.004121
0.004154
0.004904
0.004222
0.004500
0.004029
0.004073
0.004356
0.004073
0.004251
0.004575
0.004124
0.004485
0.009010
0.004184
0.004247
0.004260
0.004870
0.004285
0.004428
0.004010
0.004686
0.004026
0.004184
0.004049
0.004429
0.004589
0.004045
0.004262
0.004105
0.004351
0.003987
0.004160
0.004397
0.004281
0.004437
0.004247
0.004266
0.004468
0.004123
0.004349
0.004124
0.004153
0.004118
0.004661
0.005169
0.004590
0.004225
0.004443
0.004314
0.004301
0.004252
0.004224
0.004020
0.004197
0.004178
0.004334
0.004747
0.005425
0.004354
0.004448
0.004384
0.004463
0.004194
0.004303
0.005154
0.004407
0.004098
0.004235
0.004192
0.004340
0.004121
0.004450
0.004243
0.004118
0.004563
0.004289
0.004140
0.004768
0.004796
0.004331
0.004285
0.004206
0.004733
0.004297
0.010730
0.004795
0.004298
0.004451
0.004199
0.004512
0.005230
0.004239
0.004213
0.004155
0.004317
0.004364
0.004261
0.004108
0.004302
0.004515
0.004245
0.004156
0.004213
0.004177
0.003690
0.004148
0.004286
0.004460
0.004118
0.004230
0.004669
0.004386
0.004111
0.004143
0.005113
0.004618
0.004442
0.004221
0.004250
0.004458
0.004172
0.006040
0.004539
0.004071
0.004192
0.004299
0.004504
0.004272
0.004007
0.004258
0.004842
0.004300
0.004467
0.004035
0.004022
0.004179
0.004156
0.004133
0.004316
0.004134
0.004454
0.004246
0.004087
0.004197
0.004187
0.004094
0.004063
0.004132
0.004287
0.004354
0.004155
0.004083
0.004174
0.004253
0.004283
0.003994
0.005672
0.004389
0.004254
0.004174
0.004940
0.004154
0.004101
0.004176
0.004194
0.004394
0.004286
0.004256
0.004513
0.004144
0.004475
0.004186
0.004342
0.004695
0.004426
0.004058
0.004256
0.005084
0.004417
0.004226
0.004449
0.004276
0.004329
0.004381
0.004639
0.004309
0.004284
0.004316
0.004176
0.004145
0.003958
0.004821
0.004218
0.004698
0.004302
0.004206
0.004178
0.004029
0.004160
0.005158
0.004196
0.004383
0.004221
0.004187
0.004088
0.004134
0.004379
0.004212
0.004138
0.004128
0.004255
0.004185
0.004144
0.004471
0.004384
0.004178
0.004272
0.005024
0.004949
0.004082
0.004040
0.004062
0.004219
0.003988
0.004214
0.004259
0.004387
0.004390
0.004507
0.004148
0.004596
0.005599
0.004618
0.004136
0.004461
0.004269
0.004420
0.004606
0.004108
0.004253
0.004259
0.004072
0.005002
0.004303
0.004259
0.004876
0.004230
0.004404
0.004321
0.003474
0.004352
0.004135
0.004212
0.004280
0.004033
0.004127
0.004273
0.004204
0.004474
0.004660
0.004218
0.004075
0.004291
0.004248
0.004366
0.006015
0.004214
0.004118
0.004218
0.004187
0.004334
0.004003
0.004291
0.004420
0.004216
0.004153
0.004405
0.004285
0.004166
0.004268
0.004287
0.004343
0.004376
0.004297
0.004200
0.004336
0.004638
0.005945
0.003966
0.004517
0.004184
0.004498
0.004995
0.004386
0.004037
0.004449
0.004340
0.008800
0.004299
0.005162
0.004235
0.004002
0.004081
0.004884
0.012967
0.003227
0.004175
0.004217
0.004333
0.004301
0.007986
0.006553
0.004234
0.004495
0.005098
0.004227
0.004102
0.004149
0.004215
0.004252
0.004030
0.004148
0.004402
0.004216
0.004076
0.004213
0.005323
0.004267
0.004218
0.004201
0.003423
0.003945
0.003882
0.004171
0.004654
0.004542
0.004420
0.004773
0.004141
0.004230
0.003831
0.004201
0.004208
0.004455
0.004369
0.004169
0.004400
0.004439
0.004230
0.004258
0.004730
0.004318
0.004724
0.004139
0.004079
0.004212
0.004241
0.004333
0.004775
0.004135
0.005013
0.004257
0.004655
0.004388
0.004232
0.004262
0.004204
0.004153
0.004271
0.004604
0.004227
0.004287
0.004328
0.004524
0.004141
0.004297
0.004188
0.004276
0.003630
0.004303
0.004240
0.004159
0.004189
0.004306
0.004183
0.004255
0.004168
0.004203
0.005144
0.004262
0.004190
0.004071
0.004350
0.004134
0.004345
0.004134
0.004455
0.004337
0.004222
0.003905
0.003967
0.004201
0.004268
0.004221
0.004098
0.004585
0.004003
0.005653
0.004279
0.003744
0.004248
0.004136
0.004334
0.004188
0.004161
0.004142
0.004365
0.005697
0.004103
0.004181
0.004371
0.004444
0.004357
0.004322
0.004263
0.004144
0.004140
0.004252
0.004244
0.004225
0.004290
0.004299
0.005193
0.003966
0.004295
0.004119
0.004341
0.004373
0.004225
0.004288
0.004578
0.004528
0.004211
0.004137
0.004249
0.004451
0.004264
0.004096
0.004182
0.004345
0.004370
0.004561
0.004135
0.004353
0.004235
0.004088
0.004304
0.004299
0.004353
0.004305
0.004531
0.004055
0.004536
0.004373
0.004633
0.004047
0.004224
0.004152
0.004372
0.004570
0.004281
0.003854
0.005335
0.004643
0.004347
0.004099
0.004113
0.004457
0.004201
0.004161
0.004417
0.004252
0.004288
0.004187
0.005042
0.003998
0.004235
0.004239
0.004232
0.004179
0.004430
0.004491
0.005467
0.004286
0.004931
0.005716
0.004119
0.004503
0.004254
0.004217
0.004090
0.004142
0.004351
0.004295
0.004787
0.004101
0.004148
0.004251
0.004490
0.004273
0.004214
0.004219
0.004106
0.004166
0.004153
0.004264
0.004281
0.004335
0.004872
0.004187
0.004126
0.004275
0.004137
0.004457
0.004379
0.004130
0.004220
0.004124
0.004128
0.004535
0.004276
0.005853
0.004189
0.003971
0.004314
0.004144
0.004184
0.004409
0.004719
0.004161
0.004902
0.004157
0.004196
0.004252
0.004340
0.004224
0.004428
0.004366
0.004078
0.004166
0.004256
0.004214
0.004549
0.004218
0.004426
0.004975
0.004241
0.004165
0.003441
0.004051
0.004139
0.004288
0.004960
0.004397
0.004172
0.004251
0.004307
0.005094
0.004306
0.004151
0.004439
0.004155
0.004488
0.004521
0.004118
0.004139
0.004239
0.004186
0.004442
0.004566
0.004143
0.004221
0.004118
0.006364
0.004307
0.004212
0.004256
0.004063
0.004371
0.004281
0.004322
0.004116
0.004201
0.004129
0.004279
0.004230
0.004455
0.004374
0.004200
0.004299
0.004155
0.004299
0.004047
0.004337
0.004322
0.004149
0.004239
0.004305
0.004142
0.004315
0.004424
0.004097
0.004323
0.004236
0.004382
0.005514
0.003500
0.004355
0.004261
0.007150
0.004285
0.004324
0.004183
0.004062
0.004395
0.005431
0.004896
0.004362
0.004231
0.004367
0.004243
0.004632
0.004239
0.004061
0.004196
0.004247
0.004160
0.004264
0.004662
0.004146
0.004216
0.004265
0.004129
0.004876
0.004294
0.004565
0.004150
0.004194
0.003317
0.004414
0.004545
0.004264
0.004175
0.004133
0.004064
0.004214
0.004222
0.004212
0.004811
0.004571
0.003972
0.004299
0.004156
0.004300
0.004100
0.004396
0.004339
0.004183
0.004266
0.004093
0.004158
0.004335
0.004249
0.004369
0.004744
0.004373
0.004482
0.004308
0.006150
0.004625
0.004764
0.004070
0.004160
0.004136
0.004165
0.005236
0.004385
0.004334
0.004130
0.004342
0.004138
0.004097
0.004207
0.004379
0.004469
0.004135
0.004187
0.004256
0.004934
0.004250
0.004078
0.004387
0.004144
0.004112
0.004217
0.004380
0.004199
0.004086
0.004307
0.004221
0.004386
0.004528
0.005263
0.004373
0.004292
0.004157
0.004255
0.004280
0.004191
0.004152
0.004473
0.004586
0.004234
0.004226
0.004408
0.004615
0.003442
0.004504
0.004120
0.004370
0.004328
0.005911
0.004215
0.004717
0.004865
0.004143
0.004279
0.004395
0.004401
0.004127
0.004171
0.004233
0.004172
0.004095
0.004150
0.004270
0.003574
0.004499
0.004391
0.004275
0.004575
0.004172
0.004444
0.004500
0.004391
0.004016
0.004279
0.004188
0.004252
0.004483
0.004255
0.004510
0.004825
0.004093
0.004162
0.004109
0.004264
0.004737
0.004127
0.004237
0.004208
0.004437
0.004150
0.004309
0.004141
0.004151
0.004234
0.004397
0.004551
0.004099
0.004094
0.004166
0.004450
0.004253
0.004205
0.004367
0.004659
0.004795
0.003946
0.004398
0.004063
0.004649
0.004643
0.005060
0.004088
0.004466
0.005234
0.004208
0.004054
0.004296
0.004208
0.004255
0.004211
0.004187
0.004288
0.004203
0.004164
0.004095
0.005222
0.004127
0.004277
0.005214
0.004397
0.004245
0.004302
0.003618
0.004452
0.004248
0.004657
0.004095
0.004261
0.004286
0.004344
0.004325
0.004328
0.004083
0.004332
