3282879759
3217527274
3316299653
3252965385
3298014018
3290600516
3245434604
3250101205
3287530975
3300634046
3269062850
3293545214
3292156367
3254561624
3238437258
3296378198
3347132979
3257771919
3266694260
3274732494
3356010123
3247946917
3259500483
3238165381
3267151188
3318874078
3353966934
3264604188
3254934484
3370869190
3247228173
3267423510
3256531999
3381143275
3274166895
3255962327
3263613167
3272556117
3262462216
3259520472
3237244174
3303465282
3274081929
3276371428
3279719136
3252475802
3242844008
3258897419
3264266944
3271867487
3267150034
3327976198
3252647487
3238197158
3277162251
3220053886
3343215841
3263760402
3268487626
3240852795
3425929737
3358541694
3281051972
3224587116
3319081745
3292166222
3245428643
3210414458
3257630017
3275793448
3258643103
3312661714
3260890899
3348977578
3262035788
3273482168
3272490451
3275829968
3314098056
3296224809
3247515820
3252924953
3287147112
3288693615
3282162456
3292761731
3266226316
3260542264
3276817984
3258418833
3327653664
3267425389
3265032163
3235711829
3287890828
3234834510
3289862430
3292871847
3266108834
3291774627
3280822636
3301603591
3261258874
3281739827
3330233896
3257126525
3287492955
3224530463
3277578068
3260938635
3282675698
3281767087
3264564148
3321061881
3271833696
3270893685
3297996189
3289054717
3274411099
3258524772
3233459076
3253079423
3244241851
3257946553
3271565555
3302681292
3283686141
3233007447
3306941015
3309185728
3331540197
3308854419
3286930547
3444633160
3236714755
3265626874
3248169637
3231477506
3265552866
3261924535
3263885448
3257556496
3261944327
3293309666
3282799483
3257517686
3222359813
3219784691
3260153701
3285748695
3241374152
3277878330
3223542510
3333641055
3249034003
3236425603
3277343817
3252329322
3266878832
3250656706
3224001199
3255305438
3254545431
3241235527
3271581059
3290281101
3255599033
3280965526
3237781493
3287548674
3312743366
3259651757
3257157036
3228041012
3256477529
3238632390
3248832867
3284212838
3268943219
3245241036
3280701208
3251757985
3251673582
3216109608
3292327093
3271830935
3189493900
3221460046
3338143341
3248099348
3222995854
3289664965
3267020937
3322353258
3228943430
3262705444
3250040809
3285980146
3434489461
3374038173
3367818306
3263528712
3222653925
3243290724
3231450618
3285048328
3274025333
3298569272
3298031779
3321531010
3327063875
3256252838
3262335513
3258819103
3289278403
3267142525
3258639673
3211121069
3241315772
3233745435
3273155922
3227427243
3259520767
3255420966
3271990351
3259034973
3226550023
3343918307
3294011505
3244213607
3282119587
3268253709
3268032854
3253476373
3228076500
3266677887
3245962956
3272642441
3266009836
3258941928
3230237434
3305685544
3213575803
3257732642
3223396605
3297078898
3278364097
3275974637
3313293618
3235501714
3298429016
3251979682
3256792887
3223631670
3271864247
3284455621
3260388784
3218285995
3277536366
3297405103
3286881484
3202778043
3261421209
3229972316
3236847547
3256533386
3236067987
3305880747
3228531473
3281272290
3274939013
3289033706
3248213941
3268950792
3229773542
3251078498
3233336728
3267960996
3270154092
3279895953
3249880284
3235265543
3223773429
3288019042
3312556827
3268421644
3251603488
3259589236
3259407817
3224724115
3354857472
3226570698
3210511151
3266276695
3304866897
3282349297
3276780237
3230722244
3280313738
3279327916
3251333373
3258731022
3272769123
3230460465
3254881552
3226143305
3248011672
3297650167
3322622360
3264923777
3266022775
3276465750
3301229042
3223331497
3205543942
3219717847
3244546340
3264572694
3258683137
3255591903
3218266891
3225819043
3272956318
3241680555
3279044852
3243980759
3215452620
3274673793
3238902395
3246580450
3372307363
3214384275
3258447225
3237883752
3260798531
3278557868
3255151273
3243180070
3211791409
3240100933
3314262627
3257001958
3235395277
3274995592
3274584084
3181703228
3246738848
3333367043
3284804445
3216978193
3272674338
3397587443
3299701148
3259811121
3238945748
3230572177
3230427871
3285039207
3251165030
3339268537
3221356182
3229876747
3295896476
3265589628
3316150632
3253993527
3212093986
3229280721
3286279178
3218355327
3239274393
3259221350
3426935797
3403589207
3384290848
3269886424
3246942437
3211934953
3242615696
3238103058
3275914460
3298681140
3271272217
3251240353
3243276687
3262337338
3265553381
3239140516
3282091974
3304326683
3278586646
3248576175
3286716997
3267943506
3232108289
3241260499
3248278891
3258589807
3241941326
3247022302
3228931908
3263845102
3223951745
3271557333
3342995996
3264449651
3239324199
3249260906
3231019503
3333886500
3265856126
3274092418
3256347616
3257294853
3284757787
3290565659
3261475069
3235281700
3255127575
3227082390
3314365874
3335325657
3314476425
3250486166
3229439430
3210310409
3203227876
3238179664
3259655748
3272810170
3283960775
3246119108
3277480867
3273812258
3233096568
3223479713
3219568001
3293674385
3250692075
3252960909
3239024520
3197632218
3232542202
3284568918
3315881474
3449722719
3256775750
3235624302
3291026043
3261102926
3251582967
3240967399
3233591856
3260155673
3316865824
3267760557
3245811500
3288127939
3225235064
3230162613
3335589142
3297365656
3247577882
3228243742
3232933589
3241738967
3207900914
3231441006
3210234352
3268485514
3262124574
3280148722
3311817378
3242466946
3287551806
3269787477
3231416585
3304341262
3315060153
3275357351
3229215099
3255474010
3260227655
3274631775
3296120549
3286789683
3231624258
3289733720
3245104776
3259820798
3312727718
3238107340
3231943198
3268284688
3233662022
3207235321
3276787171
3236849264
3243811323
3244136131
3278563405
3292895023
3317578621
3231727152
3216985142
3245409868
3338841407
3216748752
3242810361
3278206144
3362269207
3264983247
3285905115
3269271289
3235049724
3253981376
3266812581
3293425793
3318098791
3269676413
3224106058
3227665990
3264560583
3226072083
3257971937
3225173381
3239326796
3234596362
3266191413
3265660112
3291752620
3214425313
3232509959
3256856752
3261592393
3236182894
3237708309
3296059671
3233726782
3242414153
3303330435
3344597363
3270902183
3218403872
3238842635
3270719788
3400520814
3395763078
3244315886
3241321764
3265985960
3264316349
3226509952
3262437237
3208007710
3265565265
3250437747
3250150247
3317315378
3310457126
3221334224
3281517000
3266890686
3241678089
3237125454
3259722233
3265277778
3217964906
3213321271
3291401288
3226367877
3237061262
3230596412
3273976255
3257938730
3323090746
3284951045
3252112987
3258784341
3279515406
3298131953
3283732363
3324280996
3455689595
3286934294
3247173836
3276379685
3281280454
3235076446
3227936823
3233941998
3249382043
3217877039
3238174318
3254977471
3232548132
3266111209
3257894575
3352794109
3221226652
3254349425
3253846945
3255749283
3302137356
3253540414
3273212084
3232165598
3321144689
3304178783
3296738647
3262137607
3242544079
3188532791
3281393712
3246580767
3347809352
3279221051
3199178662
3271003423
3292454203
3250887105
3276999620
3304363543
3217376998
3246805437
3247888660
3291869710
3242411947
3233506693
3217003580
3261520834
3234267339
3267277605
3296617742
3272083267
3208311591
3250108822
3246829409
3351621725
3289982763
3220994045
3248927269
3334159035
3360241047
3279940739
3308186667
3268536572
3296799598
3262409643
3262767355
3275735864
3263693780
3211810988
3263104893
3240091823
3331735939
3246625089
3246420896
3249504127
3257732498
3292256373
3281924900
3269183108
3251614779
3302133977
3248320267
3295677740
3256574544
3217295045
3279848936
3258725678
3282793771
3323518693
3278270947
3264646547
3224432140
3229744486
3256303698
3737590843
3394338681
3216164601
3259135839
3272843651
3339902777
3272167655
3261178373
3254969529
3258837964
3242797143
3299592889
3283518968
3211771413
3216314952
3255030457
3239387839
3370863467
3268611373
3205552286
3247973819
3263611145
3286133124
3324626027
3270411208
3237052851
3246769229
3260182837
3292490292
3280852703
3313890063
3253649696
3233885545
3268101714
3329116993
3253288203
3291348003
3265334403
3254587421
3229692629
3229464930
3310234662
3584066404
3344012930
3261400887
3310833276
3269215553
3260974889
3267787845
3243474356
3280511648
3256269661
3309795781
3243673565
3231931475
3240106440
3217949169
3302600033
3235946413
3201594545
3240381450
3268705973
3277634245
3287273722
3280814572
3239834653
3218628588
3264684850
3276089240
3278905164
3250363741
3238162647
3216331877
3249593239
3319569588
3294316192
3190805282
3204951994
3254541083
3193607907
3274547842
3226049263
3257849613
3209549936
3303997676
3325107142
3236596049
3196917840
3218809112
3268958805
3247676340
3370087199
3285430737
3246742835
3172691955
3261243650
3260059741
3222810150
3216967656
3238122077
3230889841
3261969153
3273367887
3241715837
3239029550
3258585961
3215091612
3282767453
3237584692
3256301200
3241694514
3353967747
3236413955
3263330940
3322448105
3202018599
3195574894
3225579706
3246652842
3233834683
3215003774
3264395855
3199357649
3216998958
3256881959
3288962693
3284242612
3248842867
3238198137
3244619753
3264677786
3324867763
3272701581
3208737001
3199265286
3253736115
3206707383
3239734330
3222735054
3207992498
3219441064
3235505570
3356728861
3214964938
3294989884
3243158820
3195481793
3225024414
3289737830
3215234581
3249180939
3219051563
3230297834
3291016916
3314266986
3269495291
3199174284
3238627490
3234661736
3226024944
3222540295
3312590021
3219285529
3236343050
3230266382
3293479885
3246480880
3213119387
3215938493
3239283868
3727579469
3339788561
3245814373
3295263463
3218785920
3290559894
3196353607
3250945140
3206248260
3207892260
3270112156
3299325181
3309024847
3263914065
3236177927
3202513340
3206691462
3275032508
3358539277
3235930466
3195380825
3221961931
3328477088
3263316847
3270382994
3259635497
3181575953
3224588692
3257851053
3246084548
3247794253
3228525488
3183793518
3165268358
3250426741
3241473360
3211622110
3237959915
3206640555
3269493456
3255914439
3318460638
3230938622
3230761814
3237336661
3415852896
3377880183
3226297952
3199295628
3246585304
3230385468
3259655798
3276141725
3303163137
3247069180
3249353492
3220792457
3225241988
3317372925
3258891349
3215338793
3222878649
3243544811
3248691148
3263154160
3226535060
3225662350
3252266959
3253278163
3257364792
3275377433
3189910342
3227447641
3214294031
3261076503
3218889460
3275104609
3255323647
3251269010
3242515337
3262655996
3355720539
3211110675
3366152516
3264885901
3310357163
3210449459
3212607973
3241808104
3205458811
3206858119
3291961799
3274830460
3278804088
3198672543
3247766935
3180241291
3259832627
3329239181
3216960779
3239780060
3218003383
3264641655
3244247990
3274798633
3216419063
3271673104
3236420520
3290022847
3386023713
3223210308
3253975553
3198958511
3202572338
3247513096
3280063655
3278398341
3267426451
3232071667
3272354387
3229168740
3291640439
3218576553
3218466407
3244088271
3240662564
3297172615
3329691444
3223447490
3212182918
3242126127
3238188424
3221682708
3234657265
3224490510
3226214265
3207716138
3229966482
3342227840
3197508176
3229974015
3232834287
3260072280
3195398748
3298428620
3193689234
3246332056
3249516536
3278183245
3238828750
3228304211
3220983504
