5.173323
5.872488
5.774804
5.823445
5.767474
5.784221
5.819831
5.843175
5.800045
5.814153
6.042861
6.063636
6.046995
6.094292
6.108547
6.070491
5.994950
6.096508
6.044613
6.074187
5.986759
6.117920
6.071719
6.095987
6.090150
5.940406
5.947348
6.079133
6.213058
5.830762
6.123352
6.081754
6.046016
5.975926
6.102624
6.090586
6.095762
6.105610
6.109914
6.065400
6.110064
6.009312
6.074055
6.060362
6.066063
6.071483
6.114772
6.073046
6.100726
6.057395
6.050379
6.001257
6.091432
6.112635
6.090855
6.083027
6.007862
6.087323
6.067804
6.117880
5.917122
6.014619
6.031788
6.130259
6.040090
6.020972
6.083918
6.141129
6.078579
6.081967
6.078324
6.037861
6.062132
5.975304
6.146232
6.095553
6.052775
6.076828
6.018842
6.071898
6.268373
5.902332
6.058218
6.048432
6.090477
6.071543
6.075082
6.076191
6.097732
6.107230
6.030735
6.070710
6.040023
6.111626
6.036652
6.106352
6.068752
6.067593
6.078071
6.052456
6.056889
6.070801
6.096829
6.048768
6.045624
6.078508
6.026223
6.131069
6.135836
6.111521
6.097961
6.073488
6.052013
6.023112
6.111961
6.095041
6.040068
6.066906
6.073088
6.097099
6.091811
6.106132
6.105427
6.122743
6.063803
6.056826
6.068423
6.084971
6.053047
6.036660
6.019402
6.046518
6.127571
5.834545
6.084877
6.129317
6.080389
6.115365
6.049235
6.098235
6.071572
6.088907
6.087496
6.085424
6.087243
6.100534
6.140516
6.050341
6.100644
6.081974
6.120637
6.104597
6.117817
5.996281
6.124527
6.112279
6.074600
6.069241
6.080819
6.089535
6.118748
6.075806
6.075772
6.092149
6.065087
6.054883
6.070852
6.033752
6.114694
6.042709
6.044324
6.109979
6.047131
6.121440
6.070037
6.080373
6.065261
6.069543
6.082386
6.124101
6.063508
6.160753
6.077935
6.163899
6.061519
6.253849
5.960427
6.051550
6.031209
6.114765
6.129377
6.064136
6.092929
5.970513
6.120655
6.132471
6.104770
6.056912
5.896259
5.954815
5.966069
6.033406
6.141549
6.085086
6.113292
6.034406
6.086045
6.024006
6.065256
6.041197
6.070115
6.110249
6.064403
6.094609
6.073936
6.047237
6.084213
6.151444
6.118556
6.086567
6.083601
6.094387
6.067444
6.104478
6.094863
6.113727
6.119062
5.998658
6.045258
6.167048
6.045636
6.054584
6.128288
6.106447
6.114747
6.055921
6.103587
6.096621
6.089815
6.076574
6.116971
6.028753
6.155969
6.086759
6.064763
6.063339
6.067084
6.071691
6.017267
6.112121
6.096030
6.113031
6.066852
6.121180
6.053956
6.046112
6.087409
6.148420
6.079916
6.064221
6.097878
6.173136
6.080443
6.135447
6.113131
6.106603
6.091419
6.096974
6.156407
6.056217
6.050176
6.060266
6.042810
6.055844
6.127351
6.090988
6.137003
6.067516
6.105852
6.037798
6.095695
6.100641
6.094409
6.045069
6.048058
6.099761
6.069978
6.106917
6.058452
6.112597
6.023577
6.122725
6.280582
5.868756
6.042322
6.090479
6.062386
6.102281
6.070927
6.106510
6.127731
6.121919
6.066261
6.127127
6.070122
6.139240
6.089732
6.032161
6.045299
6.105080
6.102657
6.073781
6.050920
6.119431
6.118640
6.152547
6.147735
6.068825
6.088354
6.107478
6.156408
6.029100
6.055005
6.118324
6.069641
6.088496
6.123859
6.044450
6.077882
6.206875
5.970188
6.160935
6.111491
6.105444
6.068844
6.060263
6.092001
6.112456
6.184859
6.094776
6.034739
6.019320
6.066425
6.076714
6.060691
6.169212
6.254219
6.006637
6.053084
6.145856
6.076382
5.923035
6.054716
6.067240
6.120584
6.139420
6.106618
6.094234
6.082691
6.000512
6.125162
6.124160
6.046032
6.083851
6.046831
6.097676
6.150252
6.091043
6.063252
6.117138
6.100659
6.154874
5.911861
5.877878
5.972492
6.082873
6.094804
6.158202
6.088762
6.136595
6.077472
6.055487
6.078507
6.066101
6.098404
6.101850
6.127079
6.054365
6.053336
6.043091
6.068501
6.061814
6.070034
6.038971
6.115282
6.120193
6.100710
6.075230
6.054110
6.067082
6.116132
5.890145
6.124040
6.085936
5.998786
6.086527
6.099162
6.074954
6.126681
6.010718
6.109114
6.063532
6.125897
6.074497
6.072979
6.053075
6.048452
6.118472
6.118873
6.152651
6.024080
6.029456
6.042916
6.103996
6.118661
6.150898
6.177589
6.091304
6.066454
6.071502
6.076399
6.087332
6.112569
6.031251
6.098003
6.167377
6.131917
6.058783
6.054996
6.063108
6.087612
6.120818
6.135532
6.044346
5.970212
5.871638
6.072104
6.123833
6.018851
6.100065
6.098661
6.113121
6.145371
6.092383
6.020121
6.304847
5.926178
6.071745
6.137463
6.138033
5.991604
6.032405
6.091204
6.159815
6.135150
6.088738
6.075058
6.105141
6.164055
6.053406
6.073561
6.076493
6.020808
6.105645
6.052952
6.063281
6.148670
6.051064
6.021673
6.062849
6.035399
6.092763
6.095560
6.151641
5.993454
6.063065
6.113075
6.051361
6.114053
6.123042
6.034963
6.098227
6.132710
6.075417
6.092393
6.082355
6.052835
6.085340
6.139636
6.092053
6.089657
6.042607
6.046581
6.129287
6.108952
6.122975
5.980546
6.129958
6.105560
6.059437
6.107283
5.872240
6.063441
6.079934
6.138846
6.078403
6.111265
6.048413
6.025732
6.060927
6.115261
6.154695
6.110616
6.186817
6.069752
6.131786
6.081993
6.120231
6.106912
6.070957
6.052562
6.156132
6.117937
6.045058
6.047443
6.042990
6.079670
6.029782
6.127742
6.107205
6.021885
6.014776
6.082053
6.130855
6.096909
6.147693
5.903718
5.854316
6.042745
6.108434
6.093773
6.122163
6.111814
6.065531
6.126082
6.106007
6.098508
6.057130
6.022019
5.989167
6.109398
6.076169
6.112874
6.069305
6.114281
6.276032
5.869232
6.136729
6.098340
6.082971
6.136011
6.127228
6.096205
6.053806
6.058842
6.013044
6.043859
6.080123
6.095117
6.042134
6.051076
6.012062
5.959107
5.862848
6.072557
6.136211
6.053156
6.055294
6.112763
6.146332
6.128130
6.096416
6.027136
6.105717
6.106708
6.115634
6.083620
6.084257
5.965325
6.118475
6.068758
6.076651
6.092803
5.967746
6.094429
6.101200
6.121786
5.983596
6.028347
6.007433
6.051566
6.102009
6.143346
6.032236
6.057273
6.000420
6.084596
6.144073
6.093110
6.054918
6.168071
6.055707
6.077657
6.110042
6.118643
6.113603
6.044590
6.104183
6.102687
6.129633
6.104751
6.129503
5.979242
6.037251
6.056094
6.166416
6.125441
6.111784
5.948400
6.019256
6.090201
6.118323
6.012349
5.992565
6.098672
6.005129
6.076134
6.029497
6.122419
6.052283
6.066963
6.062086
6.115579
6.065696
6.124333
6.018877
6.094310
6.099593
6.080657
6.078066
5.986039
6.070418
6.085968
6.117089
6.046277
6.117795
6.071487
6.089417
6.105419
6.060214
6.086209
6.034143
6.026962
6.053342
6.061790
6.181902
6.096710
6.088334
5.558589
5.910889
6.101337
6.064738
6.088072
6.018570
6.065299
6.089510
6.098234
6.100767
6.130118
5.951817
6.077579
6.124927
6.131652
6.106659
6.108205
5.917804
6.083701
6.123824
6.102141
6.076629
5.990986
6.021039
6.088393
6.121551
6.127271
6.109063
6.055653
6.061708
6.041145
6.110638
6.180280
6.084188
6.018492
6.076220
6.049902
6.108222
6.061450
6.168518
6.124078
5.999596
5.715983
5.944708
6.082249
6.066019
6.053790
6.099423
6.100704
6.071093
6.093367
6.022035
6.013243
6.113235
6.093888
6.312619
6.129053
6.060358
6.099259
6.149231
6.146174
6.068426
6.007318
6.015708
6.049786
6.138219
6.141443
6.101898
6.072582
6.062476
6.083772
6.154168
6.109525
6.094560
6.028352
6.062284
6.177983
6.123917
6.075997
6.113564
6.053061
6.137191
6.093165
6.137909
6.037530
6.035772
6.103361
6.138638
6.118147
6.100169
6.096380
5.997924
6.085668
6.082283
6.196820
6.095939
6.124563
6.063716
6.131123
6.119270
6.125072
6.032717
6.042930
6.102568
6.105149
6.106110
6.146698
6.089153
6.022192
6.074911
6.107168
6.202358
5.863849
6.073845
6.007064
6.150942
6.157392
6.139595
6.075192
6.106600
6.127517
6.045575
6.127591
6.146059
6.081820
6.078609
6.056241
6.110526
6.097381
6.129577
6.031911
6.023799
6.117135
6.103313
6.171026
6.088648
6.222439
6.055838
6.107280
6.124681
6.157296
6.115166
5.967624
6.104771
6.025652
6.117080
6.171677
6.141166
5.970568
6.138188
6.102534
6.118184
6.183816
6.045037
6.026186
6.028227
6.189264
6.117844
6.106009
6.137622
6.096705
5.978178
6.111637
6.119021
6.104724
6.055730
6.092503
6.126934
6.133349
5.999877
5.576027
6.026591
6.133383
6.072196
6.139645
6.031813
6.131337
6.107414
6.138605
6.143753
6.096421
6.045315
5.977000
6.057782
6.080889
6.127958
6.148655
6.068153
5.978559
6.088874
6.148874
6.151103
6.024132
6.158289
5.997785
6.059248
6.215824
6.136322
6.079520
6.092942
6.109901
6.112976
6.169235
6.257862
6.099344
6.046032
6.124351
6.083950
6.139337
6.087578
6.086107
6.011553
6.201937
6.140442
6.152430
5.860522
5.896373
6.104005
6.132554
6.137744
6.135705
6.071238
6.079169
5.997610
6.072479
6.090545
6.344105
6.138024
5.991058
6.098236
6.113322
6.152536
6.053960
6.120631
6.082794
6.109206
6.095689
6.101394
6.103914
6.098981
6.092573
6.140802
6.117830
6.145844
6.083100
6.077436
6.062518
6.106532
6.055410
6.167160
6.049737
5.987061
6.133956
5.943117
6.115728
5.988337
6.113189
6.118903
6.088730
6.161647
6.152792
6.061391
6.083390
6.059624
6.146558
6.116347
6.148394
6.112706
5.988454
6.138003
6.099178
6.114324
6.127811
6.076817
6.057237
6.151773
6.065502
6.119957
6.063438
5.955228
6.155339
6.075872
6.130056
6.350286
6.103377
6.046475
6.053212
6.092028
6.116990
6.070927
6.202589
6.077542
6.104441
6.154091
6.090374
6.071253
6.038846
5.998626
6.145082
6.159383
6.143867
6.142466
6.025344
6.112086
6.143827
6.136035
6.146028
6.126141
5.998458
6.160119
6.104983
6.126772
6.096283
6.115985
6.032803
6.148166
6.110498
6.092026
6.068389
6.133016
6.089161
6.141244
