9729170041
10228130566
10238241818
10226145688
10230829701
10218315973
10229521344
10228123014
10225143773
10274171260
10533210873
10517378526
10495422533
10500397962
10480206788
10510099726
10491677471
10492437675
10493031380
10489180350
10501797056
10506614300
10496379526
10496617237
10513570785
10508920760
10524908804
10488573029
10645015104
10348768743
10495664445
10507356462
10500508931
10508546923
10516748716
10479248745
10496700215
10507858437
10565304628
10504018274
10513188583
10481465868
10519518009
10495614859
10493156681
10480203321
10519214274
10476741082
10505004451
10480544605
10554720240
10487776159
10485846494
10511715950
10508153474
10496657136
10491585450
10486216063
10499934327
10495394249
10541439268
10505104641
10477301882
10504716157
10508847650
10509675219
10499440301
10504653205
10499929033
10502227215
10486656259
10504641165
10496681570
10483885738
10532145783
10508054964
10471576949
10509992619
10511415300
10500599288
10692955659
10304696506
10501606213
10485852264
10515863272
10512213919
10506615149
10478859609
10504658986
10504269660
10504914842
10489865103
10493164806
10502410656
10483959193
10488760209
10497053453
10496809932
10495746504
10501388929
10493012346
10511325669
10496468137
10489875068
10513932937
10514676226
10468954756
10514512392
10536643848
10511890040
10511502522
10504988357
10496784279
10507489147
10520495734
10517295796
10484365127
10515669957
10487231424
10506630961
10500954505
10520323143
10508017036
10533167818
10491411584
10500402943
10516591957
10481248674
10506123455
10492728741
10504719724
10509106448
10551731266
10491348992
10493305498
10592473253
10496005901
10503812152
10475484325
10504073337
10492540040
10496210360
10505198321
10517710710
10507127121
10508067621
10512589649
10487601649
10497396718
10520720291
10478861262
10527784631
10498492399
10494838865
10508646466
10497102671
10498116573
10486754679
10499651973
10504380404
10508339429
10499622556
10493185102
10504998588
10495636111
10500438643
10494818494
10489550749
10489107442
10503697249
10524380004
10511923003
10464490534
10516829633
10497451280
10505955141
10494859152
10505424430
10490837013
10508183043
10495384242
10529194198
10489717891
10504169299
10505525806
10693172244
10309750395
10489462073
10513169152
10500676853
10503745673
10503918929
10512576656
10491330168
10500778885
10519907605
10509552045
10509705395
10528535530
10537835280
10511253495
10494873016
10526680699
10490442046
10501281245
10504993881
10516457297
10478120553
10504442619
10504885048
10519025809
10496872742
10496743682
10500638666
10512414226
10493859714
10493494073
10510469494
10497841152
10508798228
10508476106
10468540933
10497628085
10512370711
10499413493
10528811357
10495854970
10497665297
10495581892
10552807116
10480296098
10489003900
10580660635
10524366571
10504726335
10483255786
10496701445
10528902272
10498278453
10481734762
10504735917
10492402369
10508243967
10484656226
10500406029
10496591265
10491452593
10498356527
10511923520
10480008326
10529025928
10483399522
10504090984
10492674677
10493757877
10499565620
10496308788
10504959059
10493682763
10491217644
10538179946
10522855121
10496572906
10505008487
10515317085
10520827545
10492207820
10560904712
10533290999
10504846680
10487507457
10505186428
10507604573
10492064470
10508789937
10483165153
10522924615
10492153391
10521190465
10483072884
10512255363
10501411010
10494597292
10493353122
10512450121
10491030087
10489452418
10496978724
10495310457
10513381253
10530104239
10502965764
10676987848
10295431657
10496501165
10527972576
10493898450
10476942466
10497434190
10520180534
10512223026
10519001641
10501310754
10520927776
10484200736
10508759999
10492263026
10496969328
10516693554
10527924411
10508058313
10496742388
10511823078
10494153302
10479686352
10516493721
10525729765
10488795535
10495153157
10489620884
10533906116
10504272647
10499486081
10496658432
10501569647
10487531408
10510758271
10477509377
10491314266
10605551369
10488745598
10517105106
10495298807
10516944461
10487231499
10498536270
10499441958
10502099060
10511521516
10488635712
10497139062
10509408144
10483446115
10492327770
10485745400
10504904038
10680020737
10512511467
10492630890
10516588768
10499373514
10485208085
10512856894
10504249110
10496233031
10516967885
10489005446
10548232711
10497218087
10498713886
10512939388
10516635006
10508726631
10479781186
10512689040
10500812333
10512818218
10496600377
10500523999
10504438420
10493810424
10553327394
10526429667
10507345804
10543118183
10500689832
10492633059
10515988138
10488211706
10508461161
10500669190
10513258383
10503968900
10497078137
10509517130
10502833169
10549511532
10459564923
10504146101
10508945091
10507232131
10483439807
10512075460
10481303380
10491080590
10516716614
10511171608
10493262109
10495054051
10492425657
10501458147
10482944332
10504993713
10509303662
10489145126
10487811028
10483836008
10498085920
10503724067
10500058943
10531020874
10488649757
10525177826
10496091404
10523631003
10496523391
10475716123
10509256563
10508937345
10520733418
10491139378
10513018923
10500202605
10507611838
10509002625
10511907021
10572092749
10497660457
10504212575
10521633677
10498362966
10496191214
10517473141
10484382651
10495988002
10531029930
10504464386
10498139395
10503530394
10483795498
10488974992
10487319332
10524964072
10483740208
10509555056
10495018193
10500074380
10506095573
10474320775
10509062787
10504125394
10500433508
10524460737
10500675095
10520282887
10704769354
10321050026
10503808778
10505551928
10520003677
10479724901
10486214086
10494386884
10533669923
10514623708
10487800932
10480519308
10492172029
10517428657
10496744926
10497968365
10506550260
10508603904
10512196260
10504877930
10484802300
10516658174
10512807570
10487300196
10508495885
10488290252
10508602733
10508826458
10564284114
10439365060
10472263138
10497178354
10499480193
10504538752
10534083703
10495289520
10488606886
10505058534
10487967719
10508875800
10513891156
10495527130
10496964258
10517395335
10491670549
10499783528
10493776997
10509668137
10516455405
10479922733
10512355002
10502013335
10498894523
10521437615
10492369000
10695549508
10287617216
10509294470
10485507095
10528363244
10480072776
10522163019
10495183317
10492190605
10505395019
10507858449
10528434422
10524684802
10576068816
10477116347
10503808166
10481113398
10520232214
10508694833
10498552161
10498416969
10520950354
10494890258
10484188781
10492070652
10509596297
10495366393
10484950918
10496679418
10520252211
10484838838
10511489955
10498903562
10504250012
10492417924
10550226986
10520554359
10476054514
10564853421
10506864269
10496240990
10534549298
10486885328
10480902486
10499678340
10536222733
10513348457
10500244159
10512973364
10498592155
10507871133
10501508187
10533223242
10482377745
10508132753
10685608958
10300696223
10520863265
10464258922
10508652976
10519622267
10503330142
10489059533
10497284201
10496506198
10512287227
10496369104
10488585346
10505191780
10483452612
10531056988
10456498446
10520466630
10493807749
10504224537
10528297622
10500617426
10489832552
10501822743
10520682682
10516632651
10504880361
10488054631
10500804418
10499900801
10504687226
10492308722
10513691566
10490307875
10508769895
10493008158
10499333483
10504807601
10484836127
10512898611
10511753375
10496636832
10500165828
10492568739
10504683097
10503914756
10495675358
10493600206
10495602482
10496405848
10524449420
10500047592
10493045895
10488336615
10496339230
10581257329
10519250710
10522604586
10493029512
10516222738
10516348786
10513209310
10499548852
10500934407
10504573679
10516414213
10509876705
10516301797
10495766180
10483557226
10529401417
10526419932
10538164260
10476267722
10493177788
10499972475
10502588329
10513515947
10495623543
10538863408
10489136457
10503782101
10508623068
10564266428
10466294601
10474895897
10488392429
10489225763
10495500039
10516053524
10497341405
10507985812
10491033306
10485439287
10499983724
10489014162
10507743830
10495879060
10525448111
10473986934
10526107059
10516197603
10516410225
10480377865
10500855544
10495675622
10480067920
10505460835
10471319088
10485582516
10532331297
10499813660
10533711441
10451434018
10500758917
10484906309
10500254943
10523468739
10509845247
10488827598
10488372808
10499844212
10514806141
10518764885
10488490862
10540659782
10481292331
10490922218
10496446773
10501551824
10487871929
10515914559
10477204668
10507562915
10504220600
10484905160
10504705024
10495867865
10504852545
10508014779
10513228929
10508712603
10483709616
10514198963
10507250417
10557364317
10477554002
10503056209
10500672898
10478660134
10520084565
10476204230
10584894587
10505099170
10524948032
10540177458
10479670392
10488941571
10509293836
10495636336
10511378665
10504112614
10508408353
10517619431
10503655228
10503360631
10497554391
10477010836
10719526738
10483942001
10504744868
10489609455
10495420505
10535742725
10489387167
10485881844
10486893457
10502266681
10518375212
10504122204
10522839354
10500242582
10500973492
10504169820
10524409783
10501403306
10482953765
10508469168
10497548387
10507729170
10492360653
10508561682
10504802557
10479644762
10504996164
10529354958
10491963968
10496007802
10510726820
10505148779
10479656383
10509472419
10521139712
10479875992
10524300442
10520428515
10495532822
10496891035
10521228328
10543710906
10436356193
10497397660
10520782342
10501810346
10486440587
10483917249
10488800482
10496468145
10512943789
10501119685
10527739626
10488180484
10524568819
10493010657
10710784693
10272689264
10516337235
10480733755
10492404292
10496963170
10491975968
10497521061
10534030926
10494689136
10484565401
10501197403
10503793585
10485729192
10502684604
10488947754
10513519036
10502694517
10521034949
10533701435
10502659252
10516300151
10477221205
10495761350
10517318325
10600126617
10482840319
10507948628
10492882500
10519065722
10487006955
10493942819
10489686390
10494939444
10494090847
10499547406
10528210560
10504054574
10512289260
10508926251
10512515302
10548201123
10480275381
10504763611
10476437403
10525994544
10491697089
10487644787
10520218690
10481006601
10500570998
10518786686
10509725349
10493934859
10510422235
10489343004
10491836268
10492425017
10602596269
10470902532
10524166118
10501257678
10513292127
10500796875
10503346448
10480343612
10500977035
10492980825
10491084865
10500824101
10478411276
10529409751
10479595003
10496637802
10478705317
10503474580
10503608344
10497328656
10492770683
10507287265
10504162906
10497434817
10568203259
10431395314
10485217720
10535836600
10505231621
10503094073
10500611024
10496245660
10501239772
10516231666
10573268700
10518928434
10520985025
10496962304
10475865808
10492678020
10513299063
10500601437
10499500206
10560419575
10492497304
10542157584
10516448154
10518397850
10490959408
10493102806
10512987947
10500140924
10484536879
10521598659
10487134964
10489256964
10505886080
10711709922
10504523536
10495320845
10508026232
10482325309
10515995565
10479128254
10523990300
10509088966
10492042014
10492808207
10492727693
10488033742
10525304828
10521979090
10495502264
10495848255
10520733944
10496276235
10496678526
10492373381
10500833739
10471545792
10546117980
10478754530
10495918957
10537789983
10486275760
10534040633
10482510311
10520861610
10495602998
10485333107
10516873951
10508451776
10492108036
10504118125
10500080184
10508568844
10512665270
10482101717
10508344321
10511590739
10500347142
10492635274
10496382297
10522419800
10483558781
10488701817
10508781371
10489204608
10508051354
10505097524
10517709019
10520875139
10490917694
10483989833
10748562245
10492541591
10500511650
10488204347
10508331002
10501381342
10499094819
10592661763
10516369849
10504950153
10512543454
10487498676
10517888519
10494526266
10488799485
10504817806
10507160406
10550420587
10524145132
10503964239
10506217857
10512108111
10503243635
10508591192
10513235746
10498304027
10509517149
10487042270
10505752065
10503845780
10509577465
10483191067
10504394597
10512963318
10497043123
10503435031
10516789203
10480732240
10533043262
