0.341900
0.349596
0.342241
0.335510
0.334214
0.335356
0.362049
0.337928
0.341621
0.352777
0.363852
0.371956
0.355051
0.347953
0.340018
0.353999
0.348676
0.342166
0.342505
0.351155
0.348366
0.365470
0.348136
0.347192
0.360171
0.361577
0.382524
0.343191
0.342114
0.355345
0.351330
0.349395
0.348569
0.359929
0.350215
0.343541
0.343788
0.351285
0.421295
0.349320
0.354739
0.342876
0.366200
0.342258
0.349876
0.340824
0.356372
0.347742
0.347082
0.342979
0.369477
0.355054
0.358165
0.366568
0.349588
0.343608
0.350912
0.339934
0.348339
0.347949
0.371209
0.364613
0.348043
0.355416
0.358449
0.360354
0.356636
0.353264
0.352062
0.343159
0.345348
0.342615
0.357178
0.342974
0.376178
0.346917
0.349365
0.349100
0.372777
0.345380
0.358177
0.346560
0.340820
0.352934
0.371866
0.346277
0.359462
0.348753
0.355186
0.354091
0.359657
0.348525
0.342889
0.345619
0.354228
0.339362
0.350799
0.347062
0.349199
0.353747
0.351606
0.348723
0.350079
0.350041
0.353717
0.356974
0.341065
0.358014
0.349920
0.367602
0.362328
0.359002
0.345147
0.349823
0.366535
0.363051
0.357129
0.349042
0.357109
0.345775
0.356542
0.370510
0.357955
0.373752
0.356164
0.343116
0.356300
0.347680
0.358709
0.346809
0.362855
0.354626
0.373133
0.346992
0.356511
0.441120
0.345960
0.343614
0.345211
0.351433
0.354463
0.347363
0.351839
0.349171
0.353101
0.371395
0.359672
0.347423
0.345766
0.353390
0.352739
0.354831
0.348722
0.357417
0.353672
0.347680
0.348125
0.342192
0.358739
0.355156
0.359286
0.347699
0.345897
0.358116
0.344945
0.347806
0.347198
0.347599
0.346066
0.348010
0.355914
0.354877
0.343580
0.358063
0.352799
0.347168
0.349658
0.358199
0.349643
0.351092
0.356698
0.362288
0.349943
0.360064
0.355956
0.351885
0.350085
0.344187
0.361322
0.356527
0.353409
0.356797
0.351737
0.348365
0.359398
0.352587
0.366333
0.345612
0.384493
0.374110
0.366792
0.351872
0.364825
0.349480
0.345318
0.345923
0.337791
0.351924
0.358579
0.345557
0.355522
0.361648
0.343832
0.352482
0.351327
0.348282
0.346046
0.353220
0.355398
0.346513
0.354695
0.348227
0.348667
0.358594
0.355697
0.371655
0.347532
0.356148
0.345831
0.383944
0.347602
0.351608
0.422447
0.365354
0.340800
0.347435
0.346085
0.357557
0.351816
0.349337
0.344947
0.347849
0.345517
0.344717
0.347471
0.351185
0.347421
0.345742
0.363649
0.343819
0.357192
0.347348
0.360844
0.345466
0.347999
0.347331
0.347146
0.350898
0.354130
0.350277
0.365826
0.352671
0.347134
0.359837
0.371908
0.366046
0.352596
0.396450
0.367848
0.346545
0.358078
0.346550
0.352880
0.353329
0.358912
0.343784
0.365179
0.356515
0.352123
0.345883
0.347403
0.361640
0.349632
0.347984
0.357757
0.349743
0.343816
0.347619
0.350060
0.357423
0.363473
0.350164
0.340729
0.356714
0.346776
0.364605
0.344710
0.355043
0.350128
0.365775
0.351130
0.371948
0.352138
0.346866
0.349408
0.361069
0.347528
0.344342
0.362517
0.360068
0.353526
0.350900
0.366395
0.349889
0.340443
0.362768
0.370949
0.340791
0.362489
0.349999
0.368066
0.351936
0.352640
0.348402
0.358343
0.344876
0.352402
0.343781
0.346130
0.436998
0.348753
0.375687
0.349658
0.352108
0.346615
0.351442
0.351329
0.354969
0.369327
0.347058
0.342223
0.355282
0.341679
0.345384
0.347817
0.346392
0.334221
0.363670
0.346529
0.372361
0.340682
0.348654
0.355535
0.354851
0.351454
0.358988
0.346325
0.369957
0.351672
0.341389
0.364380
0.353631
0.348339
0.347190
0.359221
0.354144
0.357769
0.343588
0.345156
0.351765
0.354471
0.384836
0.375311
0.363456
0.395511
0.358642
0.350785
0.348705
0.344397
0.347662
0.347171
0.349407
0.357365
0.341069
0.352410
0.347550
0.343927
0.361627
0.356429
0.352013
0.348335
0.353777
0.352227
0.351730
0.349672
0.357367
0.353140
0.358597
0.351504
0.349217
0.342172
0.347161
0.355464
0.351261
0.348314
0.345316
0.345601
0.349610
0.354756
0.354383
0.367518
0.345849
0.374983
0.349554
0.350712
0.370533
0.340858
0.348793
0.355745
0.355361
0.356446
0.348913
0.345401
0.352735
0.372159
0.360999
0.356114
0.351265
0.350080
0.367261
0.360690
0.350553
0.349294
0.353344
0.346684
0.355052
0.363631
0.353719
0.354563
0.342441
0.342804
0.343459
0.360241
0.343863
0.355915
0.347040
0.351769
0.351017
0.338509
0.357007
0.351888
0.348595
0.374819
0.349923
0.370797
0.363918
0.344413
0.365576
0.352563
0.344313
0.352082
0.353756
0.349049
0.347582
0.376411
0.352313
0.342640
0.346467
0.355972
0.344192
0.347518
0.355518
0.355141
0.355912
0.352131
0.348261
0.341061
0.374097
0.345535
0.357669
0.340080
0.350754
0.358786
0.353809
0.350012
0.344530
0.344486
0.352015
0.355189
0.359674
0.353089
0.352157
0.351873
0.347476
0.352901
0.369077
0.353082
0.347302
0.372840
0.352162
0.346949
0.347944
0.354971
0.349106
0.356721
0.364596
0.354164
0.351485
0.354702
0.354727
0.361588
0.341273
0.356107
0.345480
0.356075
0.341506
0.344731
0.356859
0.351462
0.346788
0.357942
0.344521
0.352709
0.396342
0.351507
0.344175
0.346375
0.367991
0.350731
0.353083
0.350437
0.363150
0.348407
0.348144
0.343928
0.359962
0.347231
0.348137
0.347272
0.343410
0.352171
0.362384
0.349183
0.352459
0.349747
0.381116
0.368215
0.350392
0.380812
0.357204
0.359446
0.373398
0.345657
0.349398
0.353099
0.345466
0.355654
0.365303
0.355116
0.350656
0.348708
0.354579
0.356184
0.349652
0.359683
0.343893
0.350875
0.345281
0.350260
0.348922
0.359558
0.353724
0.342132
0.346391
0.345669
0.350965
0.355961
0.341326
0.354291
0.340207
0.342347
0.345151
0.352673
0.353623
0.363511
0.355621
0.349721
0.349303
0.354281
0.350397
0.353423
0.362290
0.351957
0.348653
0.345223
0.362063
0.348316
0.365799
0.345299
0.356430
0.346418
0.353781
0.358601
0.348442
0.351981
0.374818
0.349951
0.350771
0.344411
0.359659
0.356324
0.350417
0.345357
0.341643
0.349900
0.358017
0.346648
0.346701
0.345116
0.352634
0.410980
0.358018
0.366329
0.343103
0.365134
0.346927
0.361501
0.350791
0.363700
0.358908
0.367560
0.359096
0.367573
0.350267
0.344880
0.352463
0.372960
0.368435
0.354809
0.345664
0.345266
0.350376
0.357323
0.350801
0.371316
0.350791
0.350616
0.352579
0.353651
0.354155
0.340573
0.346874
0.347831
0.345420
0.356494
0.354865
0.353493
0.341231
0.344603
0.351177
0.345542
0.360166
0.345964
0.348268
0.355160
0.353611
0.352562
0.362012
0.349685
0.355846
0.349138
0.343114
0.345679
0.340987
0.341900
0.362949
0.341157
0.374248
0.350395
0.352749
0.342571
0.346098
0.370475
0.350469
0.348076
0.346780
0.356898
0.349228
0.358641
0.354142
0.365320
0.355481
0.347084
0.345698
0.349381
0.346764
0.356907
0.346590
0.359199
0.353299
0.349100
0.347525
0.347660
0.353590
0.373556
0.364268
0.354942
0.342261
0.350221
0.373494
0.357969
0.356015
0.347658
0.347574
0.342804
0.351557
0.345201
0.422219
0.355578
0.365658
0.368197
0.351551
0.346814
0.363017
0.349531
0.344975
0.352404
0.359197
0.355855
0.361143
0.352009
0.355311
0.343393
0.344094
0.346945
0.355696
0.341602
0.347140
0.353256
0.347998
0.349010
0.342447
0.351543
0.354216
0.360109
0.358071
0.364564
0.350405
0.354577
0.362601
0.352896
0.346769
0.350775
0.355353
0.354012
0.349562
0.361250
0.349968
0.349518
0.358423
0.364958
0.344577
0.345750
0.364967
0.350513
0.348170
0.345996
0.344155
0.349707
0.364713
0.367510
0.345439
0.350735
0.351974
0.345887
0.348910
0.342640
0.352328
0.356922
0.344065
0.345045
0.345365
0.351899
0.352166
0.352440
0.376223
0.349314
0.354961
0.343936
0.365967
0.343667
0.353117
0.344056
0.349338
0.347282
0.339968
0.350652
0.367661
0.344327
0.357118
0.343509
0.352450
0.345063
0.348905
0.344894
0.350829
0.354615
0.357396
0.382328
0.353420
0.349729
0.352111
0.346326
0.358633
0.385243
0.345541
0.353218
0.346477
0.371003
0.345209
0.348391
0.348430
0.340092
0.348807
0.360306
0.348054
0.348978
0.360581
0.360436
0.353441
0.395592
0.350591
0.345208
0.340964
0.363108
0.346212
0.346587
0.352573
0.344504
0.348844
0.361028
0.360318
0.355429
0.348741
0.347703
0.353981
0.345254
0.424270
0.355899
0.360888
0.354605
0.368898
0.350852
0.346609
0.351720
0.351017
0.346501
0.341857
0.351670
0.344478
0.355144
0.342655
0.343638
0.340711
0.356816
0.343993
0.342941
0.346834
0.355893
0.348180
0.347187
0.355081
0.349052
0.341925
0.386581
0.352386
0.356209
0.344953
0.360218
0.354670
0.346444
0.402545
0.374725
0.351135
0.348595
0.338579
0.346292
0.362997
0.356196
0.350271
0.376508
0.359852
0.371005
0.368760
0.379823
0.342308
0.353451
0.365490
0.349370
0.346376
0.353818
0.345401
0.340723
0.346973
0.512906
0.352921
0.343319
0.365124
0.340636
0.344378
0.354969
0.367002
0.359131
0.346824
0.346095
0.351472
0.344027
0.370494
0.358534
0.348390
0.344141
0.347928
0.354912
0.342883
0.343738
0.346113
0.341877
0.360368
0.360932
0.343215
0.355468
0.372720
0.371493
0.347953
0.372535
0.351384
0.341502
0.358216
0.363556
0.341914
0.352287
0.351759
0.363116
0.347358
0.356245
0.352693
0.347032
0.365844
0.345871
0.345391
0.352183
0.347090
0.345467
0.353726
0.341180
0.354814
0.357179
0.363799
0.357139
0.344129
0.341109
0.483107
0.350665
0.346986
0.346618
0.345351
0.347718
0.360728
0.442244
0.354125
0.375185
0.351008
0.346359
0.355200
0.354206
0.353053
0.352541
0.349746
0.382287
0.356499
0.358312
0.360392
0.360379
0.359755
0.344744
0.355912
0.347266
0.352008
0.347872
0.348142
0.362744
0.346382
0.352897
0.352688
0.352179
0.353909
0.356451
0.359647
0.342680
0.376477
