2.273778
3.232583
3.399933
3.707727
3.915045
4.188426
4.481780
4.783702
5.001978
5.222922
5.438083
5.458310
5.455029
5.503049
5.536734
5.475817
5.409124
5.512085
5.456009
5.487045
5.396960
5.519377
5.488679
5.512437
5.486919
5.337806
5.326149
5.500062
5.509729
5.239881
5.538519
5.493806
5.457593
5.377629
5.498308
5.515001
5.513671
5.504922
5.449025
5.481423
5.512999
5.430675
5.469965
5.477992
5.477195
5.498082
5.508152
5.494751
5.512222
5.478676
5.412039
5.389428
5.499016
5.513212
5.498479
5.500707
5.419973
5.512062
5.478279
5.530567
5.289979
5.400971
5.447524
5.539283
5.436006
5.421779
5.491675
5.548748
5.487201
5.502480
5.499864
5.447745
5.466327
5.393990
5.526484
5.497526
5.469497
5.484250
5.411443
5.487168
5.483277
5.317387
5.473997
5.462419
5.482947
5.472771
5.466589
5.491839
5.501641
5.507249
5.431071
5.488585
5.464280
5.521072
5.447272
5.531970
5.482331
5.485248
5.491426
5.457116
5.471875
5.479684
5.508602
5.465474
5.451654
5.469091
5.450074
5.531695
5.540741
5.504779
5.496635
5.475785
5.465320
5.425893
5.495727
5.475612
5.448644
5.459421
5.482412
5.515362
5.498631
5.501327
5.510589
5.504279
5.474984
5.481738
5.460873
5.501792
5.458143
5.451589
5.422426
5.452995
5.504253
5.236088
5.490640
5.446879
5.499872
5.523930
5.468442
5.502853
5.482796
5.506545
5.494554
5.488777
5.488638
5.495703
5.539086
5.466371
5.515077
5.481732
5.539568
5.509829
5.531150
5.403828
5.536133
5.528640
5.488764
5.485319
5.488002
5.497147
5.522683
5.483816
5.488494
5.500418
5.483044
5.464069
5.486074
5.449153
5.534536
5.454333
5.433586
5.497592
5.470567
5.514953
5.481620
5.492064
5.478754
5.475738
5.498396
5.530991
5.469731
5.545924
5.480228
5.568030
5.470172
5.473935
5.374778
5.471751
5.428594
5.517954
5.539882
5.466899
5.499116
5.385334
5.526451
5.527459
5.498987
5.457764
5.260150
5.329329
5.355361
5.446679
5.530276
5.497285
5.530675
5.445013
5.479325
5.435687
5.474023
5.449942
5.465133
5.511307
5.478476
5.506469
5.485822
5.464032
5.500128
5.551668
5.529790
5.489960
5.468411
5.510911
5.485587
5.511595
5.504885
5.504437
5.529995
5.405816
5.465143
5.525858
5.456305
5.469913
5.462376
5.500178
5.530059
5.474507
5.519538
5.477561
5.490202
5.494458
5.532697
5.448535
5.560367
5.510173
5.478492
5.475023
5.488626
5.489610
5.420815
5.536104
5.493529
5.531240
5.473586
5.540455
5.473897
5.462332
5.501806
5.547224
5.484264
5.474774
5.498453
5.578993
5.483414
5.530309
5.498852
5.504141
5.504778
5.456704
5.543477
5.453310
5.458180
5.471157
5.443436
5.464549
5.528649
5.514360
5.526880
5.468077
5.510597
5.454857
5.505510
5.501114
5.510271
5.460556
5.453571
5.513699
5.491696
5.521136
5.469742
5.509098
5.401997
5.518922
5.524524
5.272658
5.455725
5.469154
5.457546
5.510450
5.485646
5.501903
5.534107
5.515625
5.475698
5.530214
5.481374
5.539386
5.505302
5.452082
5.437763
5.499394
5.511596
5.485786
5.444767
5.535142
5.547825
5.551303
5.532491
5.487514
5.486886
5.523129
5.549102
5.433141
5.455255
5.526499
5.477199
5.509121
5.530461
5.463896
5.500126
5.515990
5.380462
5.547158
5.526415
5.502451
5.485224
5.472266
5.506092
5.515643
5.578474
5.514107
5.454272
5.425550
5.487202
5.495030
5.477418
5.588817
5.683645
5.405040
5.467882
5.540010
5.497996
5.338067
5.455258
5.473360
5.529207
5.532491
5.517827
5.483462
5.492192
5.420681
5.526667
5.524511
5.450314
5.503768
5.450062
5.505639
5.556173
5.509715
5.480942
5.530027
5.507467
5.520368
5.283372
5.264443
5.322959
5.484791
5.509313
5.572555
5.510454
5.550798
5.491927
5.452703
5.479338
5.474349
5.508338
5.521381
5.493532
5.454500
5.462888
5.450634
5.468886
5.470575
5.469253
5.453225
5.534106
5.525103
5.500818
5.483609
5.468300
5.485148
5.529952
5.308399
5.535406
5.488438
5.405545
5.499580
5.518713
5.489303
5.529291
5.420063
5.479814
5.480263
5.511535
5.490113
5.469941
5.438954
5.475353
5.527563
5.520225
5.547721
5.428138
5.443177
5.451175
5.498986
5.504433
5.551197
5.587191
5.509407
5.480123
5.467267
5.476677
5.501705
5.508914
5.437627
5.510710
5.550320
5.522488
5.469930
5.460575
5.483498
5.510470
5.539762
5.528873
5.461475
5.374958
5.281430
5.483852
5.528009
5.443093
5.498407
5.497816
5.515654
5.531134
5.504879
5.410919
5.506212
5.330474
5.465089
5.539640
5.529570
5.398191
5.446074
5.509317
5.555584
5.510113
5.498723
5.500360
5.528204
5.567166
5.463005
5.485018
5.476862
5.426888
5.510033
5.465376
5.483751
5.546450
5.430339
5.434519
5.462845
5.460626
5.497491
5.494222
5.493799
5.395775
5.486449
5.528719
5.462291
5.523880
5.515316
5.433563
5.514077
5.544518
5.494521
5.496139
5.476782
5.465520
5.505277
5.531346
5.505227
5.505862
5.462726
5.454046
5.523232
5.515824
5.520303
5.388721
5.540401
5.486667
5.455017
5.309458
5.297218
5.468022
5.499782
5.535278
5.501080
5.510210
5.445042
5.441685
5.472927
5.511920
5.570519
5.498502
5.526448
5.484134
5.544186
5.501001
5.512789
5.511333
5.476708
5.454952
5.553814
5.528048
5.463773
5.469022
5.444450
5.494290
5.447435
5.540024
5.511894
5.431547
5.414547
5.492311
5.536344
5.506871
5.516301
5.284613
5.271933
5.413079
5.505912
5.496897
5.496965
5.518670
5.483427
5.537338
5.521924
5.498830
5.456999
5.431366
5.403144
5.514302
5.484161
5.503252
5.484304
5.515891
5.493905
5.278002
5.524024
5.514090
5.494048
5.521799
5.536157
5.515337
5.470357
5.474245
5.414048
5.447904
5.499947
5.502948
5.468654
5.446046
5.425243
5.347085
5.259732
5.474809
5.538970
5.464600
5.471670
5.527265
5.540856
5.519816
5.489537
5.438527
5.522569
5.516946
5.516665
5.495199
5.482514
5.385197
5.519205
5.483485
5.482949
5.494345
5.383687
5.496139
5.484342
5.528903
5.393711
5.448364
5.410939
5.452843
5.517215
5.564035
5.450951
5.469542
5.400800
5.486744
5.549124
5.506438
5.465080
5.513370
5.455073
5.469504
5.525671
5.511250
5.532801
5.445702
5.511615
5.503549
5.535502
5.499145
5.527317
5.366227
5.442456
5.475114
5.562424
5.496739
5.462626
5.350118
5.435990
5.512581
5.524464
5.405847
5.396862
5.487126
5.413439
5.479815
5.436115
5.481538
5.448549
5.484842
5.478024
5.533215
5.482079
5.523646
5.430354
5.501780
5.521572
5.500371
5.485557
5.407262
5.474233
5.501857
5.501457
5.453478
5.522096
5.466955
5.473597
5.514450
5.461203
5.497112
5.454782
5.434928
5.477886
5.487887
5.567535
5.505504
5.469795
4.966162
5.318443
5.524521
5.480652
5.476218
5.422690
5.476335
5.508082
5.508074
5.517359
5.527517
5.363734
5.454196
5.532482
5.548059
5.522042
5.518993
5.336384
5.480078
5.546184
5.509393
5.484206
5.411509
5.435914
5.505179
5.524766
5.518793
5.510261
5.462140
5.484373
5.434019
5.502542
5.559394
5.488275
5.429879
5.486341
5.473730
5.504243
5.479907
5.494651
5.527790
5.384943
5.093963
5.353253
5.498329
5.466151
5.471847
5.501863
5.507714
5.471177
5.491449
5.414800
5.413661
5.516507
5.518687
5.718175
5.538473
5.467007
5.524911
5.567641
5.531526
5.468366
5.421489
5.434162
5.458728
5.533311
5.542579
5.496462
5.474408
5.477221
5.486049
5.556441
5.521790
5.515594
5.440263
5.473021
5.578488
5.529814
5.473837
5.511224
5.467675
5.542127
5.492515
5.553908
5.447348
5.428687
5.505604
5.557081
5.525125
5.497104
5.507451
5.383451
5.465291
5.498753
5.611333
5.497649
5.477449
5.478582
5.551985
5.512434
5.523606
5.449927
5.462764
5.524879
5.518731
5.511863
5.548306
5.473832
5.439164
5.466392
5.518441
5.385953
5.285663
5.471740
5.423660
5.563699
5.567922
5.566774
5.487719
5.483379
5.538348
5.454549
5.541744
5.547625
5.503184
5.489687
5.476619
5.526966
5.509377
5.525021
5.399957
5.431538
5.512589
5.518224
5.585042
5.492745
5.596251
5.479169
5.517539
5.541916
5.543714
5.532428
5.378807
5.524322
5.445468
5.531186
5.577528
5.547071
5.385880
5.537797
5.503398
5.522318
5.547138
5.459568
5.440004
5.456957
5.588412
5.530520
5.522243
5.533473
5.517961
5.390920
5.514021
5.521725
5.517105
5.460231
5.503475
5.539096
5.553819
5.312881
4.985064
5.426924
5.537026
5.464898
5.546757
5.433329
5.545529
5.519238
5.558512
5.560518
5.503034
5.465793
5.374835
5.482721
5.493801
5.550028
5.553154
5.486262
5.389928
5.500822
5.555108
5.564473
5.437733
5.501102
5.408505
5.485609
5.591989
5.542671
5.483779
5.501892
5.511602
5.522989
5.570193
5.608774
5.485683
5.454796
5.533917
5.513350
5.558336
5.487724
5.492997
5.420012
5.565786
5.535295
5.531446
5.240469
5.280558
5.520541
5.543728
5.535924
5.546976
5.492909
5.477545
5.411448
5.495603
5.509770
5.591786
5.546062
5.403547
5.490599
5.539426
5.554075
5.459666
5.507944
5.474834
5.527248
5.515073
5.516067
5.524661
5.492243
5.485827
5.556516
5.531741
5.559797
5.494640
5.494177
5.477099
5.510509
5.478452
5.549487
5.456069
5.403094
5.507442
5.337307
5.503113
5.403524
5.500103
5.530113
5.514086
5.567302
5.555593
5.478416
5.491044
5.465726
5.541632
5.519852
5.558532
5.520868
5.387979
5.538466
5.520235
5.531154
5.533233
5.491531
5.479348
5.558172
5.492454
5.527342
5.467607
5.353908
5.554086
5.487517
5.551326
5.627532
5.515736
5.462807
5.475013
5.510810
5.526864
5.477330
5.523458
5.474696
5.491840
5.569417
5.511111
5.476319
5.449633
5.413695
5.556039
5.572566
5.513427
5.551626
5.430085
5.516570
5.549768
5.541208
5.561728
5.530976
5.414620
5.565492
5.520742
5.535693
5.497620
5.519293
5.447064
5.557375
5.515403
5.504302
5.474349
5.536642
5.514801
5.527407
