2.898477
2.639068
2.373986
2.114861
1.851540
1.594930
1.337135
1.058554
0.797207
0.590237
0.601877
0.604445
0.591137
0.590360
0.570959
0.593696
0.584898
0.583591
0.587203
0.586263
0.588875
0.597607
0.582079
0.582642
0.602282
0.601645
0.620254
0.578070
0.702542
0.590029
0.583932
0.586901
0.587460
0.597373
0.603072
0.574701
0.581177
0.599754
0.659951
0.583091
0.596141
0.577758
0.603128
0.581514
0.587946
0.572533
0.605787
0.577451
0.587648
0.577798
0.637343
0.610890
0.591509
0.598409
0.590896
0.581330
0.586569
0.574349
0.588648
0.586373
0.626062
0.612734
0.583320
0.589542
0.603183
0.598262
0.591331
0.591469
0.590522
0.578433
0.577561
0.589116
0.594826
0.580319
0.618853
0.597116
0.582355
0.591633
0.606486
0.583786
0.784107
0.584042
0.583231
0.584978
0.606619
0.597871
0.607378
0.583429
0.595163
0.599077
0.598810
0.580673
0.574780
0.589607
0.588516
0.573520
0.585494
0.581425
0.585806
0.594472
0.584094
0.590192
0.585887
0.582287
0.592954
0.608521
0.575233
0.598447
0.593668
0.605721
0.600415
0.596823
0.585725
0.596253
0.615370
0.618374
0.590475
0.603274
0.589815
0.580731
0.592182
0.603901
0.592754
0.616674
0.587873
0.574179
0.606586
0.582164
0.593957
0.584177
0.595978
0.592633
0.622356
0.597510
0.593268
0.681615
0.579501
0.590468
0.579925
0.594495
0.587831
0.581470
0.592096
0.595774
0.597686
0.603884
0.600391
0.583035
0.584347
0.599204
0.580176
0.593050
0.585750
0.591550
0.587519
0.582621
0.584763
0.581744
0.591940
0.591505
0.595178
0.591083
0.586305
0.590849
0.581140
0.589836
0.583860
0.583742
0.579248
0.587480
0.609829
0.611385
0.575571
0.605606
0.587471
0.587394
0.585549
0.592920
0.582005
0.592207
0.592913
0.613866
0.596768
0.594976
0.590402
0.779051
0.584732
0.578946
0.601695
0.595773
0.588603
0.596221
0.592993
0.584184
0.593333
0.604112
0.604956
0.598125
0.635239
0.624636
0.609798
0.585841
0.610345
0.586963
0.581690
0.588478
0.605498
0.587428
0.590328
0.590113
0.604036
0.598072
0.584445
0.587185
0.587211
0.582262
0.583031
0.598801
0.587850
0.595693
0.614164
0.582566
0.580867
0.591979
0.589103
0.608413
0.588131
0.591926
0.579158
0.640224
0.588335
0.583812
0.665022
0.605323
0.583772
0.580447
0.583134
0.618024
0.598627
0.581226
0.583392
0.579349
0.594677
0.575682
0.585354
0.587455
0.577569
0.581134
0.595574
0.575173
0.601419
0.580719
0.592398
0.579820
0.578854
0.582893
0.584737
0.600286
0.594537
0.588511
0.598362
0.593272
0.596109
0.604137
0.613393
0.601588
0.585737
0.639351
0.611983
0.601924
0.591121
0.588143
0.598486
0.590425
0.597784
0.575714
0.609241
0.598380
0.594351
0.582022
0.589253
0.598657
0.583170
0.583524
0.593621
0.585180
0.577444
0.584706
0.587737
0.601094
0.620628
0.602872
0.755241
0.595202
0.585491
0.620349
0.603921
0.590924
0.584395
0.603578
0.592763
0.605399
0.589677
0.595834
0.587819
0.598923
0.583507
0.579131
0.606584
0.604832
0.590136
0.587166
0.605251
0.583372
0.569885
0.600357
0.614131
0.580404
0.600526
0.583222
0.606397
0.595040
0.598848
0.590916
0.591530
0.578494
0.592495
0.579650
0.576897
0.689920
0.588809
0.612855
0.584179
0.602039
0.582735
0.587159
0.584990
0.595936
0.605354
0.579828
0.579534
0.592809
0.578345
0.580760
0.582402
0.579281
0.569541
0.600572
0.584276
0.604978
0.577337
0.584048
0.598537
0.592866
0.590441
0.605986
0.587854
0.609697
0.589589
0.578923
0.597608
0.598761
0.594794
0.579215
0.595755
0.591154
0.592773
0.580439
0.581426
0.586112
0.592333
0.633494
0.627428
0.611302
0.648625
0.597154
0.584551
0.584705
0.577417
0.584868
0.584662
0.601876
0.598297
0.590761
0.589176
0.579530
0.632537
0.599042
0.589564
0.591551
0.598627
0.590213
0.599872
0.584800
0.580109
0.594175
0.598966
0.590752
0.584923
0.581082
0.585259
0.580788
0.587743
0.596477
0.592273
0.586000
0.579500
0.584684
0.596467
0.589699
0.628294
0.582265
0.613380
0.583435
0.602235
0.612924
0.572219
0.590037
0.597534
0.604003
0.595028
0.585402
0.590583
0.604102
0.613351
0.598707
0.589473
0.580928
0.585430
0.603255
0.598807
0.584690
0.602620
0.590110
0.586410
0.604844
0.608513
0.587960
0.593491
0.578739
0.576248
0.580078
0.605735
0.581942
0.594306
0.589212
0.586998
0.594861
0.574817
0.600700
0.599911
0.596541
0.613293
0.586484
0.608245
0.797703
0.594672
0.605717
0.596953
0.607470
0.592332
0.585483
0.580887
0.603318
0.624185
0.588923
0.573731
0.576049
0.595784
0.589473
0.587479
0.598612
0.592583
0.594708
0.586667
0.578624
0.600559
0.619813
0.586232
0.599120
0.573928
0.594358
0.600426
0.656679
0.596498
0.575705
0.583340
0.587940
0.589296
0.606815
0.600506
0.583212
0.587177
0.579953
0.594975
0.604647
0.586415
0.579113
0.607410
0.585829
0.580925
0.578907
0.591655
0.605078
0.592238
0.601703
0.590903
0.588555
0.617993
0.603409
0.796855
0.574102
0.594582
0.579108
0.602657
0.576476
0.600001
0.602440
0.583148
0.587004
0.602367
0.583301
0.610932
0.658232
0.584701
0.586573
0.580132
0.606496
0.594654
0.593244
0.596641
0.601305
0.589078
0.580285
0.577575
0.597566
0.584392
0.581432
0.586802
0.594469
0.589404
0.599304
0.588771
0.593582
0.589122
0.630368
0.618045
0.581483
0.628746
0.601613
0.596011
0.624252
0.592238
0.581161
0.587846
0.583218
0.598699
0.599212
0.589714
0.585110
0.593981
0.590718
0.608678
0.584093
0.596943
0.781159
0.590377
0.611793
0.583340
0.587958
0.613197
0.590122
0.579900
0.582594
0.583654
0.598082
0.595048
0.579263
0.591179
0.572595
0.602346
0.585880
0.610559
0.602183
0.596814
0.596313
0.586153
0.582687
0.584611
0.604549
0.606429
0.598148
0.587664
0.582278
0.588810
0.598026
0.587523
0.600873
0.579241
0.598394
0.584427
0.592827
0.597599
0.583142
0.597395
0.615696
0.592037
0.588931
0.579072
0.595507
0.597801
0.583897
0.578383
0.580243
0.586805
0.598726
0.596962
0.594030
0.585446
0.588854
0.653649
0.599689
0.605709
0.583420
0.604417
0.579933
0.597810
0.591614
0.598233
0.593228
0.604758
0.601252
0.612025
0.593838
0.580107
0.603106
0.627617
0.648159
0.597415
0.582355
0.576686
0.592644
0.605517
0.594607
0.610513
0.590685
0.595241
0.592488
0.638379
0.602296
0.581137
0.583100
0.581468
0.582666
0.599799
0.587579
0.591667
0.576940
0.579322
0.591633
0.577868
0.595275
0.583223
0.614645
0.591712
0.594614
0.603595
0.614585
0.589943
0.598094
0.588102
0.578351
0.591171
0.574111
0.573040
0.613469
0.590266
0.617511
0.591592
0.591539
0.575918
0.583148
0.610914
0.594965
0.588052
0.580528
0.589248
0.582453
0.601719
0.587166
0.622519
0.591423
0.582709
0.583740
0.588302
0.580548
0.602604
0.576691
0.591841
0.589084
0.578463
0.584254
0.582256
0.595860
0.607417
0.597837
0.592498
0.576412
0.605984
0.607160
0.619873
0.594742
0.587664
0.588909
0.575266
0.603097
0.580663
0.672919
0.595435
0.613382
0.621040
0.590553
0.582845
0.598804
0.581084
0.596594
0.592051
0.598990
0.600905
0.606299
0.598641
0.595055
0.574291
0.592469
0.589720
0.592334
0.573301
0.580549
0.613714
0.599135
0.584562
0.580619
0.590141
0.603959
0.597909
0.604302
0.597187
0.584362
0.596867
0.596764
0.586872
0.577988
0.587141
0.588329
0.598596
0.593167
0.601097
0.601411
0.584464
0.594144
0.599728
0.583074
0.589284
0.606169
0.596766
0.580642
0.592133
0.601952
0.588010
0.613515
0.619478
0.582600
0.584562
0.597381
0.646214
0.584224
0.578221
0.603148
0.600603
0.581815
0.579149
0.576722
0.585484
0.593188
0.597501
0.614120
0.582083
0.607381
0.586442
0.815495
0.577278
0.601191
0.577739
0.586298
0.588529
0.571896
0.586590
0.622195
0.587632
0.590084
0.584668
0.597496
0.577660
0.587948
0.578658
0.582619
0.587124
0.603681
0.631021
0.591360
0.603697
0.584118
0.585049
0.594957
0.625211
0.575735
0.588737
0.581865
0.612646
0.581775
0.587794
0.579566
0.579211
0.581400
0.593192
0.593224
0.583517
0.599389
0.598230
0.595003
0.635790
0.584384
0.585154
0.570402
0.600005
0.586480
0.582738
0.603286
0.577889
0.586297
0.596723
0.593027
0.586697
0.594573
0.586570
0.586925
0.578657
0.685934
0.590034
0.598718
0.595402
0.605741
0.591874
0.597539
0.584968
0.587278
0.579213
0.582359
0.592373
0.578559
0.601259
0.574142
0.586153
0.576811
0.594591
0.581009
0.587698
0.587097
0.592857
0.585752
0.585509
0.656140
0.588288
0.572751
0.622889
0.592734
0.594882
0.590172
0.597348
0.589140
0.598228
0.648139
0.612754
0.590285
0.589497
0.569570
0.580043
0.598940
0.592247
0.590667
0.635241
0.604191
0.620024
0.619048
0.614830
0.582543
0.587913
0.600850
0.587734
0.577483
0.600680
0.585241
0.575964
0.579872
0.751359
0.591110
0.586492
0.606528
0.572625
0.597541
0.593302
0.611701
0.606771
0.581103
0.579751
0.584488
0.578395
0.605822
0.605534
0.583341
0.585080
0.585125
0.587527
0.582303
0.584598
0.595055
0.575941
0.616674
0.592769
0.583025
0.625554
0.604884
0.611576
0.583936
0.612104
0.587560
0.573722
0.593426
0.596180
0.582040
0.591349
0.593000
0.604030
0.595491
0.588885
0.590870
0.599530
0.598662
0.577770
0.582301
0.593612
0.584392
0.577028
0.592726
0.572169
0.591691
0.594902
0.600455
0.600323
0.587240
0.577447
0.721697
0.586721
0.582760
0.577245
0.580218
0.588937
0.592705
0.678078
0.601541
0.611549
0.583787
0.578340
0.593993
0.588222
0.584033
0.588172
0.585865
0.628862
0.589850
0.594386
0.594441
0.593178
0.593812
0.583364
0.594125
0.582928
0.593430
0.583325
0.590113
0.597727
0.595749
0.584851
0.589739
0.594199
0.586665
0.593044
0.595526
0.573461
0.612940
