0.081725
0.080552
0.082113
0.081047
0.079765
0.079056
0.080768
0.079418
0.080988
0.081620
0.081207
0.080101
0.080634
0.081997
0.078259
0.082207
0.080251
0.081328
0.079928
0.080202
0.081453
0.080731
0.081504
0.080133
0.088108
0.087063
0.081687
0.081327
0.157643
0.081869
0.080113
0.083259
0.085773
0.080325
0.086878
0.080048
0.083562
0.082553
0.081019
0.079500
0.083099
0.080252
0.081606
0.079808
0.079620
0.079998
0.083930
0.080364
0.084566
0.081632
0.093787
0.080601
0.081210
0.080101
0.088530
0.082796
0.080173
0.082052
0.082425
0.082083
0.086947
0.083122
0.081737
0.081132
0.081641
0.082608
0.080891
0.085172
0.081090
0.080199
0.078846
0.082047
0.083685
0.081606
0.081984
0.081506
0.080495
0.083178
0.080261
0.080534
0.082403
0.081394
0.082457
0.080533
0.080610
0.081394
0.091875
0.080697
0.083333
0.080728
0.081306
0.080255
0.079338
0.090714
0.081909
0.080545
0.081254
0.080996
0.079618
0.086767
0.081055
0.081187
0.081791
0.080490
0.086681
0.081503
0.079441
0.087402
0.082415
0.081385
0.081504
0.082727
0.081162
0.086726
0.085793
0.087598
0.079567
0.085695
0.079478
0.080522
0.080314
0.080552
0.079847
0.082315
0.080340
0.079463
0.082172
0.081152
0.080748
0.080454
0.080237
0.081175
0.084767
0.081056
0.081039
0.082526
0.081025
0.081029
0.081569
0.082437
0.079917
0.080105
0.082859
0.086021
0.081417
0.079630
0.083291
0.080007
0.082539
0.092781
0.078002
0.080280
0.085795
0.079721
0.080512
0.080907
0.081101
0.082142
0.080450
0.080993
0.082738
0.084284
0.087829
0.080245
0.080721
0.082088
0.080327
0.081151
0.082192
0.080946
0.095510
0.083729
0.081006
0.080670
0.082001
0.086565
0.080317
0.080334
0.079157
0.081641
0.081141
0.084696
0.087089
0.080142
0.079863
0.079265
0.082580
0.080687
0.082267
0.081096
0.080469
0.082416
0.083898
0.081743
0.080940
0.080918
0.081566
0.081795
0.084724
0.087164
0.083650
0.080648
0.081117
0.080766
0.081661
0.082699
0.080692
0.081834
0.079657
0.087737
0.086750
0.083196
0.086907
0.080275
0.083122
0.078759
0.082096
0.088184
0.079663
0.080977
0.090055
0.079675
0.081545
0.080287
0.079777
0.082313
0.082873
0.081620
0.080997
0.082336
0.081951
0.082081
0.082612
0.083393
0.085701
0.079791
0.081108
0.081404
0.085186
0.080554
0.083721
0.079182
0.079711
0.080292
0.080985
0.079863
0.079517
0.080146
0.080130
0.080435
0.085242
0.080181
0.079822
0.081403
0.079559
0.078524
0.079746
0.085547
0.081159
0.082448
0.080718
0.081152
0.084669
0.082281
0.086891
0.083072
0.081026
0.081177
0.084464
0.081926
0.079936
0.082774
0.083826
0.080197
0.081496
0.079187
0.087710
0.080557
0.080957
0.081512
0.079691
0.080273
0.080024
0.080813
0.081798
0.081580
0.081682
0.083353
0.078497
0.081081
0.087766
0.080776
0.161145
0.083927
0.082108
0.082216
0.101063
0.080860
0.082194
0.081627
0.082278
0.080882
0.082218
0.090759
0.081569
0.082132
0.080331
0.081236
0.082445
0.081350
0.085245
0.081925
0.080069
0.081839
0.078328
0.080380
0.089942
0.080753
0.080387
0.080428
0.081011
0.091717
0.080590
0.080940
0.080975
0.080176
0.082433
0.081693
0.080169
0.085839
0.081282
0.083057
0.080600
0.094948
0.080701
0.083803
0.081426
0.083467
0.084411
0.079660
0.080887
0.084016
0.079562
0.082071
0.081474
0.079555
0.082544
0.081381
0.086219
0.080335
0.082108
0.080392
0.088443
0.082576
0.081304
0.081303
0.081831
0.081007
0.081651
0.080991
0.081431
0.088088
0.082834
0.080154
0.079705
0.081374
0.081004
0.079064
0.079219
0.081290
0.082196
0.084197
0.093503
0.083019
0.082300
0.083242
0.081079
0.082651
0.080339
0.081863
0.081149
0.083526
0.079867
0.083227
0.082203
0.080730
0.097473
0.081407
0.080473
0.081699
0.081296
0.082407
0.081002
0.081692
0.079661
0.080142
0.086704
0.079567
0.079950
0.079852
0.080387
0.082003
0.080683
0.085763
0.081032
0.082570
0.080881
0.081060
0.087148
0.083660
0.083918
0.080220
0.084785
0.080295
0.081463
0.087974
0.079627
0.080539
0.088539
0.092128
0.082338
0.079891
0.084804
0.090339
0.085196
0.081619
0.081556
0.078731
0.080362
0.081205
0.081068
0.081289
0.097403
0.083319
0.079558
0.096584
0.083451
0.080778
0.083047
0.081678
0.081728
0.082516
0.082015
0.081382
0.083308
0.083375
0.081835
0.084815
0.080148
0.083123
0.080445
0.082307
0.081636
0.083801
0.085261
0.082190
0.083556
0.081111
0.085315
0.093201
0.080788
0.080507
0.079841
0.083980
0.083906
0.080265
0.080374
0.078555
0.083993
0.087320
0.080294
0.082194
0.081307
0.081921
0.083358
0.079943
0.099239
0.080224
0.087400
0.081076
0.079850
0.082439
0.087980
0.139111
0.080524
0.080339
0.079913
0.082781
0.080351
0.082414
0.079896
0.078862
0.083966
0.081423
0.080283
0.082481
0.080169
0.080787
0.080231
0.080002
0.081413
0.079605
0.079843
0.081342
0.082443
0.080414
0.080630
0.083052
0.082957
0.082023
0.080633
0.080447
0.082057
0.080853
0.080918
0.080743
0.084336
0.082710
0.079604
0.084131
0.081973
0.081461
0.091947
0.099653
0.080500
0.081442
0.080597
0.081447
0.081573
0.086507
0.082138
0.080672
0.080440
0.079202
0.079681
0.081652
0.082376
0.080779
0.080122
0.092075
0.080964
0.081213
0.082602
0.081817
0.080829
0.081781
0.084003
0.079212
0.081603
0.084587
0.082211
0.082695
0.081042
0.079860
0.079991
0.080558
0.089830
0.080431
0.080945
0.080391
0.087475
0.083270
0.082815
0.080052
0.084226
0.082867
0.082499
0.085248
0.080987
0.081433
0.086422
0.082130
0.083588
0.083766
0.083867
0.083238
0.081025
0.081968
0.080516
0.080907
0.105218
0.080519
0.086516
0.084012
0.079834
0.084302
0.082522
0.079412
0.078747
0.089093
0.080970
0.083599
0.082804
0.080912
0.089950
0.081829
0.085411
0.081251
0.080023
0.084046
0.081572
0.081682
0.080509
0.080927
0.089106
0.084913
0.087430
0.080754
0.081919
0.082968
0.088647
0.080252
0.080414
0.081412
0.081815
0.081323
0.080759
0.082786
0.082770
0.084066
0.081010
0.079952
0.080644
0.080490
0.083261
0.079957
0.083208
0.085120
0.081439
0.080966
0.081982
0.084954
0.081713
0.087715
0.080773
0.095536
0.089529
0.091805
0.082209
0.081859
0.079427
0.082138
0.082857
0.080937
0.083663
0.083807
0.079356
0.084397
0.081337
0.094237
0.080092
0.081657
0.082153
0.081457
0.083072
0.079710
0.083238
0.081883
0.083809
0.081228
0.081642
0.080913
0.081958
0.098548
0.080922
0.081653
0.086784
0.091704
0.083445
0.087040
0.082299
0.081521
0.079838
0.079792
0.081431
0.097586
0.095061
0.085525
0.084444
0.081635
0.081206
0.080555
0.081984
0.080317
0.081278
0.080913
0.080356
0.080226
0.080472
0.080367
0.083626
0.085228
0.078921
0.080624
0.082513
0.079765
0.081660
0.080264
0.079458
0.079843
0.080377
0.085037
0.080846
0.083824
0.079248
0.080226
0.083192
0.082110
0.081221
0.080498
0.083706
0.082224
0.082517
0.083015
0.080186
0.088320
0.080866
0.087325
0.080585
0.083393
0.088845
0.085412
0.080954
0.081283
0.080300
0.089616
0.084774
0.084381
0.083387
0.086646
0.080943
0.083199
0.080183
0.088765
0.080434
0.081386
0.077987
0.082529
0.083247
0.080988
0.080282
0.080589
0.082120
0.082741
0.083517
0.087807
0.079468
0.080762
0.083926
0.081507
0.081957
0.079756
0.081769
0.081684
0.083263
0.083380
0.084693
0.093101
0.081574
0.082455
0.080952
0.082750
0.089228
0.081937
0.082756
0.080357
0.083183
0.080396
0.084406
0.083224
0.083618
0.081067
0.080514
0.081025
0.083109
0.079974
0.080779
0.082938
0.081442
0.085104
0.080941
0.079125
0.079946
0.085059
0.088371
0.083850
0.079963
0.081392
0.082945
0.089179
0.079927
0.082104
0.078896
0.082780
0.081987
0.080197
0.084904
0.081400
0.086760
0.081172
0.085468
0.090915
0.081625
0.080712
0.081061
0.079999
0.080282
0.088926
0.093334
0.081183
0.082491
0.080390
0.081309
0.081221
0.080919
0.079645
0.080457
0.081640
0.080120
0.080856
0.088740
0.080601
0.086179
0.081018
0.080961
0.088265
0.082657
0.082757
0.081627
0.087843
0.081065
0.079400
0.081308
0.077769
0.079473
0.081026
0.081428
0.080890
0.080657
0.081451
0.080637
0.082075
0.079644
0.089326
0.081479
0.079718
0.082544
0.097097
0.082552
0.082463
0.082013
0.082518
0.079742
0.084624
0.081514
0.082142
0.079821
0.081612
0.085276
0.079843
0.082433
0.079714
0.081936
0.081142
0.083305
0.081249
0.082111
0.082496
0.080778
0.081654
0.080573
0.135361
0.079244
0.079270
0.080460
0.082184
0.082030
0.082242
0.083928
0.080539
0.081212
0.089223
0.083250
0.084465
0.086734
0.079797
0.081383
0.081588
0.080857
0.087263
0.088197
0.081749
0.085986
0.085520
0.079100
0.082969
0.080753
0.081218
0.081124
0.080745
0.090773
0.080126
0.080703
0.080779
0.079375
0.081126
0.087051
0.083635
0.080700
0.082687
0.082517
0.086806
0.082774
0.080698
0.079817
0.080779
0.079064
0.081423
0.082688
0.077574
0.083055
0.080089
0.080749
0.082151
0.082557
0.091915
0.080070
0.082477
0.079683
0.081008
0.082234
0.080446
0.084539
0.082603
0.082179
0.081410
0.080111
0.080862
0.079512
0.084698
0.081629
0.082418
0.086806
0.090794
0.081648
0.081936
0.080631
0.080026
0.080010
0.082910
0.084439
0.081104
0.079265
0.080156
0.080163
0.079228
0.083778
0.080439
0.083295
0.080642
0.085606
0.080582
0.080593
0.081306
0.079756
0.080462
0.086436
0.079560
0.079426
0.093684
0.080825
0.080074
0.080207
0.082220
0.080586
0.080361
0.080990
0.082447
0.081995
0.080589
0.080168
0.083921
0.081230
0.081548
0.080710
0.081101
0.079770
0.084648
0.080909
0.086835
0.081142
0.093344
0.081031
0.079272
0.081964
0.079450
0.080794
0.081954
0.078707
0.079787
