0.513172
0.335337
0.339205
0.341016
0.252476
0.279991
0.279610
0.010494
0.012007
0.012446
0.011360
0.012076
0.010001
0.007635
0.006509
0.009863
0.006091
0.012552
0.010610
0.013694
0.011238
0.011123
0.007924
0.011778
0.010776
0.005464
0.005333
0.008734
0.010159
0.011823
0.010148
0.010573
0.011562
0.009466
0.015176
0.013667
0.338722
0.341016
0.342591
0.338920
0.346768
0.351784
0.338504
0.342800
0.348135
0.342282
0.358735
0.351795
0.344116
0.429454
0.335697
0.349491
0.418754
0.370080
0.350330
0.366541
0.352720
0.354943
0.349438
0.353067
0.364050
0.345866
0.358239
0.351591
0.357221
0.351007
0.363284
0.352301
0.344517
0.373490
0.363709
0.349262
0.350712
0.348692
0.354649
0.347024
0.349749
0.349825
0.351432
0.345574
0.359037
0.351543
0.347166
0.397495
0.357790
0.351111
0.350331
0.358933
0.352005
0.348783
0.338020
0.352667
0.347461
0.352213
0.364423
0.361217
0.344680
0.346954
0.348916
0.347650
0.355774
0.355144
0.348492
0.346197
0.351723
0.345025
0.347123
0.349549
0.344364
0.352754
0.352451
0.421362
0.350416
0.346363
0.359048
0.357371
0.343754
0.363764
0.349980
0.355386
0.358374
0.354576
0.357978
0.334230
0.356613
0.349376
0.357361
0.356645
0.347488
0.352847
0.355848
0.347127
0.355644
0.346522
0.347249
0.349022
0.352388
0.347721
0.361976
0.350744
0.350945
0.347382
0.349538
0.360210
0.365226
0.364439
0.365358
0.357499
0.362104
0.393707
0.367520
0.353788
0.372339
0.358807
0.364677
0.347115
0.347055
0.380572
0.358089
0.345532
0.348279
0.353695
0.360629
0.353536
0.361720
0.373843
0.352491
0.354891
0.359002
0.347469
0.352192
0.353685
0.347482
0.355026
0.360064
0.364272
0.354311
0.347598
0.371675
0.378917
0.377951
0.349151
0.351182
0.354275
0.366558
0.368922
0.354379
0.345775
0.352394
0.366801
0.350289
0.363302
0.361947
0.354758
0.357097
0.353073
0.383509
0.365983
0.352853
0.348982
0.364274
0.348460
0.356703
0.361655
0.364028
0.349463
0.386178
0.355199
0.335511
0.350560
0.346533
0.347330
0.347865
0.370838
0.367258
0.350545
0.351166
0.350622
0.349794
0.345650
0.352682
0.354314
0.347223
0.351507
0.384462
0.357247
0.364468
0.347984
0.351197
0.355848
0.345137
0.372722
0.352667
0.339242
0.365547
0.346990
0.364968
0.349617
0.372373
0.346377
0.362997
0.354013
0.361724
0.349727
0.346106
0.350201
0.349621
0.347506
0.357731
0.353487
0.350439
0.343890
0.347884
0.353370
0.347478
0.353878
0.366854
0.348605
0.355594
0.347525
0.356991
0.348788
0.348898
0.342559
0.350808
0.362412
0.343168
0.349258
0.351386
0.351855
0.335114
0.338439
0.339667
0.342686
0.337849
0.335361
0.348874
0.247527
0.248280
0.180962
0.179345
0.226627
0.228646
0.272642
0.203880
0.220234
0.198138
0.186329
0.236749
0.220743
0.187678
0.195566
0.225641
0.192781
0.339645
0.345816
0.339950
0.344350
0.349225
0.350082
0.353007
0.344008
0.335254
0.342664
0.343221
0.335007
0.336551
0.347411
0.347100
0.339482
0.379674
0.361096
0.341706
0.356638
0.345362
0.336609
0.343545
0.340017
0.361054
0.355828
0.378540
0.350156
0.356572
0.352281
0.350033
0.354888
0.348348
0.347933
0.352043
0.360235
0.360815
0.352569
0.339016
0.347874
0.353226
0.367897
0.355787
0.344834
0.344141
0.362643
0.357860
0.359220
0.355341
0.363283
0.350777
0.356754
0.346935
0.352420
0.351011
0.344774
0.355231
0.346862
0.334412
0.352349
0.365486
0.345374
0.357672
0.352599
0.357255
0.360443
0.350463
0.348777
0.356863
0.347661
0.355900
0.347023
0.340955
0.352566
0.346651
0.412700
0.348083
0.436459
0.351102
0.366932
0.357832
0.368322
0.352908
0.364705
0.367179
0.357691
0.357199
0.353313
0.355166
0.351504
0.352533
0.390863
0.352683
0.359041
0.364868
0.355982
0.367568
0.368349
0.378265
0.360471
0.353903
0.367976
0.355654
0.359825
0.362547
0.393450
0.356975
0.351570
0.355638
0.349255
0.382342
0.368502
0.365145
0.343835
0.349998
0.348974
0.353111
0.349371
0.346511
0.358086
0.348433
0.353993
0.334166
0.339829
0.333042
0.341420
0.336152
0.237559
0.343653
0.349980
0.357950
0.349628
0.341351
0.336860
0.339052
0.343778
0.339979
0.341812
0.243817
0.246720
0.338961
0.341183
0.357851
0.349268
0.341894
0.342220
0.358204
0.350264
0.347472
0.351655
0.340196
0.331898
0.335700
0.341602
0.218839
0.340199
0.337021
0.474242
0.196361
0.462792
0.208037
0.465006
0.343457
0.346815
0.332468
0.354411
0.346524
0.358084
0.337869
0.331406
0.350339
0.350283
0.351019
0.344589
0.345907
0.336147
0.343366
0.338204
0.356111
0.348794
0.352997
0.361988
0.341886
0.337498
0.351177
0.346310
0.336199
0.344259
0.353155
0.340217
0.338687
0.341126
0.353043
0.346782
0.339229
0.344204
0.048433
0.048430
0.342831
0.336195
0.357956
0.332980
0.334438
0.339971
0.341194
0.337088
