0.220539
0.219613
0.208402
0.537601
0.274083
0.268134
0.012523
0.012498
0.008751
0.013050
0.013169
0.010877
0.010925
0.006048
0.009105
0.016565
0.013382
0.011509
0.012009
0.012284
0.011507
0.010504
0.011283
0.012188
0.009650
0.006667
0.010770
0.012593
0.012190
0.012437
0.012221
0.010235
0.006996
0.011901
0.014685
0.015004
0.013407
0.011791
0.012197
0.007894
0.010447
0.015475
0.013005
0.011988
0.011658
0.006923
0.006226
0.006728
0.006903
0.007164
0.008034
0.010371
0.009709
0.010532
0.008334
0.010811
0.008990
0.008625
0.054093
0.009221
0.013136
0.007916
0.008267
0.011065
0.015375
0.015147
0.014709
0.015157
0.015473
0.023550
0.021209
0.021247
0.015925
0.016033
0.017470
0.018045
0.016818
0.016397
0.021366
0.016037
0.017406
0.016999
0.015239
0.017507
0.017704
0.019440
0.017753
0.016458
0.015839
0.014904
0.016498
0.015696
0.016507
0.016959
0.012002
0.011874
0.011801
0.012654
0.011871
0.012435
0.011870
0.008926
0.011587
0.011878
0.011899
0.009676
0.011886
0.008418
0.023236
0.021567
0.019044
0.013899
0.013686
0.020798
0.019919
0.019158
0.014660
0.014276
0.017946
0.019080
0.014500
0.017049
0.018129
0.016982
0.022196
0.018605
0.017398
0.018673
0.018030
0.014871
0.017466
0.017153
0.019640
0.018752
0.017411
0.016349
0.021246
0.017202
0.024747
0.021138
0.016167
0.019876
0.020375
0.089111
0.085790
0.091662
0.087191
0.088660
0.072588
0.062924
0.071395
0.081042
0.079317
0.069714
0.052002
0.051659
0.053151
0.054634
0.049240
0.049032
0.049986
0.051479
0.051029
0.051513
0.048829
0.052194
0.103899
0.092711
0.160082
0.081899
0.075690
0.065076
0.060621
0.058282
0.056533
0.037800
0.040780
0.041300
0.056105
0.040785
0.037903
0.040453
0.069833
0.070499
0.074436
0.080037
0.077144
0.080925
0.078704
0.072397
0.072848
0.073692
0.077205
0.079040
0.074575
0.074413
0.075242
0.077169
0.032332
0.032231
0.032188
0.032458
0.046780
0.028336
0.029081
0.042271
0.046222
0.027708
0.028225
0.019155
0.020064
0.021621
0.020981
0.020187
0.017570
0.008965
0.009176
0.007364
0.007214
0.008698
0.012993
0.012050
0.011888
0.012125
0.012049
0.011983
0.011943
0.011872
0.014082
0.012142
0.014662
0.011912
0.012596
0.010152
0.012753
0.012151
0.027287
0.012637
0.012470
0.012045
0.048493
0.007847
0.008696
0.011421
0.007157
0.006972
0.010576
0.008127
0.009937
0.007161
0.007144
0.007573
0.009780
0.007570
0.008560
0.007325
0.010030
0.007745
0.007899
0.011581
0.015727
0.015478
0.016165
0.019416
0.017072
0.224411
0.013129
0.048569
0.195623
0.209792
0.244628
0.246471
0.263143
0.284983
0.262423
0.238116
0.237265
0.210236
0.193955
0.183708
0.230453
0.219397
0.223145
0.200706
0.225483
0.332412
0.200242
0.221892
0.223864
0.204819
0.240373
0.224964
0.209185
0.203661
0.209763
0.229157
0.201805
0.187012
0.212635
0.249757
0.214936
0.216060
0.210181
0.185103
0.224956
0.192586
0.216718
0.220762
0.214562
0.194796
0.201848
0.199429
0.015229
0.012400
0.012085
0.012580
0.013355
0.011754
0.007578
0.014406
0.012674
0.008447
0.007464
0.008096
0.008591
0.010235
0.008544
0.008657
0.007831
0.008190
0.008205
0.015831
0.012417
0.010780
0.011294
0.011508
0.011853
0.012927
0.011131
0.017012
0.015371
0.016217
0.013828
0.008946
0.011453
0.010970
0.008593
0.011702
0.011335
0.012166
0.008932
0.012779
0.012906
0.015614
0.014719
0.018948
0.014510
0.016268
0.014308
0.014344
0.015054
0.015717
0.015327
0.014480
0.014326
0.208028
0.007958
0.115411
0.110646
0.114779
0.118313
0.085072
0.049002
0.101827
0.081305
0.084168
0.090123
0.059649
0.057071
0.062798
0.069225
0.065338
0.070557
0.061740
0.056801
0.053350
0.048554
0.083328
0.068994
0.080367
0.050959
0.046748
0.039390
0.099056
0.094823
0.093849
0.095401
0.098465
0.088920
0.103378
0.088629
0.102707
0.097180
0.114008
0.120248
0.102079
0.099363
0.110288
0.102946
0.056599
0.056573
0.054061
0.056058
0.048801
0.048051
0.194894
0.465966
0.210583
0.505438
0.204701
0.494568
0.500562
0.495553
0.207129
0.429743
0.416867
0.209668
0.465811
0.189740
0.452777
0.206536
0.458290
0.523655
0.490360
0.254665
0.483210
0.255031
0.481667
0.359707
0.249182
0.503807
0.319286
0.273373
0.487461
0.265522
0.500409
0.249850
0.523917
0.453636
0.464742
0.203757
0.337480
0.342172
0.357885
0.366499
0.349983
0.260242
0.486870
0.256405
0.509441
0.245231
0.505729
0.264241
0.505932
0.202593
0.051410
0.368575
0.507558
0.249984
0.493066
0.237150
0.519496
0.244596
0.498797
0.214659
0.461032
0.212230
0.461917
0.214714
0.462294
0.213171
0.446115
0.218582
0.447098
0.201493
0.441281
0.204352
0.456189
0.189021
0.447870
0.050017
0.054405
0.049337
0.048426
0.012872
0.011006
0.008601
0.011207
0.008099
0.011586
