0.215383
0.215044
0.203671
0.531501
0.269613
0.263440
0.008965
0.008899
0.007707
0.009024
0.009176
0.007336
0.007121
0.005028
0.005426
0.012448
0.009460
0.007644
0.008337
0.008071
0.007869
0.006853
0.007582
0.008562
0.005526
0.005637
0.006575
0.008911
0.008087
0.008417
0.007731
0.008222
0.005966
0.008268
0.010702
0.011121
0.009415
0.008017
0.008543
0.006067
0.006927
0.009796
0.008691
0.008355
0.007795
0.005817
0.004653
0.005710
0.005786
0.006039
0.006172
0.007218
0.007980
0.007283
0.007364
0.007232
0.007939
0.007619
0.049949
0.007264
0.008370
0.006016
0.006286
0.006130
0.011831
0.011341
0.010878
0.011363
0.011427
0.018151
0.016371
0.017086
0.012275
0.012476
0.013630
0.014327
0.013167
0.012807
0.015098
0.012464
0.013611
0.013347
0.011582
0.013701
0.013821
0.015056
0.014032
0.012854
0.011962
0.011379
0.012530
0.012119
0.012776
0.013117
0.008390
0.007810
0.008222
0.008805
0.008198
0.008781
0.008087
0.007937
0.008037
0.007964
0.008239
0.007675
0.008113
0.007348
0.019078
0.017005
0.014792
0.010074
0.010180
0.016557
0.015637
0.014872
0.010789
0.010632
0.014346
0.014985
0.010930
0.012666
0.014282
0.013210
0.018072
0.014400
0.013665
0.014614
0.014132
0.010970
0.013581
0.013221
0.015343
0.014628
0.013867
0.012536
0.016848
0.013567
0.020387
0.017018
0.012580
0.015977
0.014769
0.084534
0.081379
0.087169
0.082676
0.083908
0.067840
0.058486
0.067045
0.073176
0.073825
0.065412
0.047328
0.047447
0.048624
0.049884
0.044666
0.044388
0.045378
0.046567
0.046108
0.047043
0.044308
0.046721
0.098889
0.088070
0.155315
0.077588
0.071082
0.060337
0.056108
0.053354
0.051866
0.033334
0.034924
0.036832
0.050348
0.035498
0.034206
0.035832
0.065246
0.066021
0.070100
0.075343
0.072312
0.076268
0.073184
0.067572
0.068378
0.068646
0.071626
0.074053
0.069968
0.069881
0.070685
0.072495
0.027864
0.027857
0.027612
0.028044
0.042227
0.024343
0.024594
0.037986
0.041274
0.023560
0.023940
0.014857
0.015808
0.016719
0.016895
0.016007
0.013695
0.006865
0.007205
0.006331
0.004840
0.005789
0.008798
0.008281
0.008330
0.008322
0.008351
0.008436
0.008489
0.008252
0.011154
0.008889
0.010624
0.008253
0.008149
0.008419
0.008955
0.008441
0.021620
0.008644
0.008484
0.008474
0.047253
0.006779
0.005912
0.007192
0.006066
0.005923
0.006847
0.007108
0.007145
0.006139
0.006058
0.005970
0.006419
0.005519
0.006104
0.006311
0.006892
0.006255
0.006347
0.008104
0.011885
0.011716
0.012483
0.014973
0.013098
0.219853
0.008840
0.043552
0.190913
0.205411
0.240161
0.241867
0.257783
0.280589
0.257560
0.233799
0.232873
0.205750
0.189507
0.179331
0.225453
0.214861
0.218654
0.195591
0.220645
0.327841
0.195244
0.217578
0.218678
0.200348
0.235841
0.220418
0.204534
0.198579
0.204990
0.224385
0.197027
0.182397
0.207690
0.245141
0.210214
0.211591
0.205742
0.180523
0.220043
0.188100
0.212194
0.216316
0.209851
0.190064
0.197308
0.195038
0.008110
0.008821
0.008056
0.008946
0.009469
0.008127
0.006008
0.009102
0.008682
0.006478
0.006421
0.006192
0.006700
0.006953
0.006531
0.006813
0.005495
0.007151
0.007153
0.010578
0.008490
0.007029
0.007794
0.007882
0.008201
0.009385
0.007471
0.012530
0.011583
0.012330
0.010169
0.007866
0.007383
0.007360
0.007520
0.007971
0.007809
0.008323
0.006833
0.008940
0.009280
0.010281
0.011092
0.014626
0.010806
0.011364
0.010651
0.010372
0.011426
0.011850
0.011695
0.010897
0.010606
0.203399
0.006119
0.110819
0.106302
0.110191
0.113748
0.080304
0.044164
0.095755
0.076852
0.079493
0.084115
0.055205
0.052276
0.058244
0.064673
0.060747
0.066048
0.057208
0.052347
0.048981
0.044017
0.077158
0.064573
0.075686
0.046174
0.042352
0.034570
0.094565
0.090145
0.089360
0.090894
0.093593
0.084308
0.098357
0.084068
0.098229
0.092754
0.109418
0.114941
0.097057
0.094844
0.105706
0.098417
0.051937
0.051960
0.048540
0.051406
0.044264
0.044439
0.190241
0.461375
0.205891
0.500559
0.200557
0.485537
0.495807
0.490859
0.201308
0.425227
0.412327
0.205079
0.461438
0.185250
0.448360
0.202281
0.453616
0.519020
0.486126
0.250040
0.478645
0.250446
0.477282
0.354479
0.244424
0.499188
0.314687
0.268328
0.483177
0.260782
0.496804
0.245374
0.519535
0.449152
0.460313
0.199243
0.332961
0.337706
0.352563
0.361915
0.345555
0.255599
0.482282
0.251672
0.504597
0.240634
0.501326
0.259614
0.501461
0.198222
0.047042
0.364295
0.502518
0.245580
0.488438
0.232766
0.515269
0.239913
0.494209
0.210426
0.456132
0.208060
0.457482
0.210324
0.455549
0.208436
0.441502
0.214057
0.442707
0.197116
0.436883
0.199788
0.452421
0.184580
0.443229
0.045335
0.049448
0.045171
0.044361
0.009339
0.007455
0.007572
0.007551
0.006918
0.007953
