2.642514
2.827415
2.048122
1.583450
6.824227
7.010652
7.082050
5.732245
5.693046
5.640874
5.707436
5.846641
5.784399
5.746640
5.712815
5.764728
5.724583
5.698500
5.749096
5.788692
5.667393
5.686482
5.746852
5.722270
5.673120
5.767146
5.757239
5.667982
5.614898
5.673435
5.632648
5.738689
5.765899
5.607480
5.789951
5.760863
2.463633
2.325056
2.640682
2.972655
3.342841
3.600903
4.001205
4.287009
4.550026
4.989667
5.362987
5.569508
5.585617
5.574331
5.591580
5.596245
5.611697
5.534514
5.571802
5.503918
5.561779
5.627934
5.573286
5.538724
5.589870
5.556887
5.544740
5.534355
5.497462
5.595737
5.512208
5.590040
5.550801
5.583828
5.572555
5.559462
5.463408
5.505529
5.589621
5.543393
5.562452
5.580631
5.517321
5.563449
5.609141
5.545478
5.578539
5.526683
5.566110
5.591407
5.575295
5.549172
5.544563
5.570930
5.590182
5.617384
5.574735
5.615739
5.536212
5.539660
5.588321
5.570830
5.545428
5.593127
5.597844
5.541054
5.563696
5.606767
5.499614
5.566951
5.527358
5.509278
5.621156
5.584132
5.601300
5.592833
5.585517
5.476411
5.601520
5.553471
5.605711
5.556894
5.506761
5.609713
5.599300
5.496335
5.566142
5.536935
5.538646
5.521336
5.556060
5.600116
5.552142
5.367655
5.582142
5.567077
5.552357
5.548336
5.561032
5.542981
5.556739
5.613202
5.549956
5.581505
5.557722
5.511975
5.567679
5.571893
5.459835
5.496614
5.410205
5.473373
5.482681
5.544123
5.574322
5.512583
5.458619
5.470340
5.526979
5.500697
5.541812
5.559771
5.503102
5.564577
5.514921
5.512593
5.519460
5.480890
5.475353
5.396155
5.377952
5.417801
5.447805
5.271107
5.294937
5.440327
5.558421
5.520920
5.501237
5.470742
5.555008
5.601994
5.533120
5.344318
5.243492
5.484608
5.553226
5.498265
5.490610
5.509780
5.443194
5.480050
5.527102
5.517446
5.548572
5.500063
5.492461
5.490568
5.473841
5.520129
5.472351
5.513011
5.472874
5.533547
5.539473
5.484650
5.518977
5.499485
5.534898
5.570492
5.524316
5.532586
5.690039
5.370868
5.564502
5.597098
5.546562
5.581691
5.530053
5.484665
5.599257
5.634338
5.490145
5.589070
5.531914
5.492724
5.544921
5.596268
5.505022
5.591038
5.499147
5.575533
5.557189
5.611491
5.626754
5.522349
5.526734
5.583111
5.592051
5.468642
5.650624
5.314903
5.513936
5.552246
5.580413
5.496130
5.572423
5.484163
5.571232
5.568718
5.553030
5.602797
5.550308
5.538122
5.443016
5.643387
5.607541
5.586183
5.579609
5.557461
5.584199
5.610177
5.567109
5.541973
5.500328
5.549392
5.537120
5.590941
5.492101
5.586114
5.003233
5.291467
5.551050
5.132568
4.720673
3.991382
3.362945
2.765439
2.165778
1.389619
0.787926
6.467642
6.460121
6.216704
6.191509
6.442363
6.408157
6.452443
6.270064
6.302058
6.244609
6.145697
6.389246
6.429202
6.369698
6.211963
6.360378
6.329572
4.432754
2.886837
2.875039
2.921780
3.006207
2.988072
3.015126
2.950402
3.028480
3.051620
3.153562
3.064487
3.322501
3.185964
3.231989
3.267651
3.307270
3.395499
3.507002
3.806298
4.185245
4.540194
4.864394
5.173884
5.464100
5.501026
5.474676
5.431718
5.551462
5.598416
5.512280
5.521104
5.548513
5.642194
5.494103
5.592308
5.506285
5.375280
5.622878
5.563217
5.590385
5.586801
5.521169
5.556762
5.597687
5.627763
5.439256
5.449898
5.544799
5.506436
5.595228
5.541583
5.592604
5.486840
5.517632
5.580343
5.579231
5.516574
5.605684
5.550612
5.527810
5.576630
5.590298
5.606891
5.617856
5.555437
5.520080
5.547615
5.585189
5.597898
5.500351
5.518057
5.230628
5.573571
5.433694
5.480448
5.330206
5.438069
5.528338
5.546049
5.464802
5.537756
5.508787
5.488386
5.548467
5.532746
5.538300
5.476222
5.449555
5.535744
5.560641
5.499932
5.524071
5.426571
5.455076
5.483523
5.565702
5.524090
5.525845
5.499435
5.486835
5.524291
5.491151
5.461733
5.463224
5.475539
5.499393
5.506970
5.427893
5.477528
5.269972
5.371034
5.397994
5.336845
5.227215
5.282145
5.435879
5.548807
5.446554
5.711241
5.537657
5.585554
5.170559
3.752679
3.305047
1.682155
1.396190
6.422794
2.609208
2.494141
2.581890
2.147026
1.050620
0.585102
4.217666
2.494327
1.788039
1.384539
6.398768
6.251207
3.372198
2.173957
1.684395
1.615393
7.315659
2.344905
2.055261
1.586188
2.107421
4.832467
3.478194
2.704920
1.181464
0.582135
8.268602
2.558286
7.055700
9.059435
7.251358
5.484747
3.225601
0.910566
2.316497
7.430171
6.994788
6.876387
6.392893
6.325904
5.941217
5.729070
5.173176
5.363549
5.659916
5.372306
4.884700
4.844611
4.389003
4.266255
3.717731
3.633056
3.147553
3.282727
2.806051
2.946409
2.479121
2.516982
2.180563
2.256196
1.825605
1.978771
1.594727
1.636354
1.224579
1.352301
1.027873
1.114322
10.704088
10.715555
3.936014
8.093634
8.320497
8.731804
8.992781
9.363282
9.661108
9.976368
