0.004581
0.004268
0.004424
0.005787
0.004148
0.004391
0.003451
0.003498
0.000949
0.003938
0.003847
0.003333
0.003565
0.000930
0.003571
0.003956
0.003740
0.003771
0.003529
0.004076
0.003536
0.003429
0.003551
0.003522
0.003367
0.000941
0.003871
0.003462
0.003968
0.003728
0.004198
0.001854
0.000933
0.003538
0.003867
0.003627
0.003690
0.003669
0.003521
0.001725
0.003427
0.005331
0.004064
0.003534
0.003763
0.000945
0.001481
0.000925
0.000967
0.000998
0.001768
0.003033
0.000917
0.003156
0.000875
0.003462
0.000954
0.000913
0.003844
0.001863
0.004597
0.001806
0.001859
0.004765
0.003407
0.003645
0.003545
0.003536
0.003554
0.005085
0.004696
0.003959
0.003487
0.003447
0.003593
0.003470
0.003527
0.003454
0.005808
0.003447
0.003529
0.003542
0.003552
0.003637
0.003673
0.004147
0.003614
0.003489
0.003775
0.003406
0.003698
0.003447
0.003541
0.003641
0.003505
0.003727
0.003479
0.003595
0.003540
0.003489
0.003545
0.000901
0.003436
0.003521
0.003471
0.001803
0.003545
0.000944
0.003880
0.004179
0.004087
0.003602
0.003339
0.004011
0.003987
0.004188
0.003754
0.003526
0.003485
0.003952
0.003430
0.004258
0.003706
0.003515
0.003877
0.003953
0.003470
0.003870
0.003783
0.003616
0.003686
0.003799
0.003990
0.003904
0.003384
0.003556
0.004239
0.003479
0.004163
0.003878
0.003489
0.003798
0.005512
0.004287
0.004106
0.004186
0.004169
0.004454
0.004455
0.004135
0.004058
0.006094
0.004942
0.003979
0.004364
0.003911
0.004242
0.004454
0.004298
0.004345
0.004310
0.004608
0.004614
0.004175
0.004252
0.004713
0.004223
0.004330
0.004450
0.004010
0.004305
0.004387
0.004216
0.004637
0.004385
0.004166
0.005458
0.004167
0.005406
0.005012
0.003414
0.004314
0.004288
0.004186
0.004032
0.004382
0.004533
0.004351
0.005207
0.004559
0.004173
0.004562
0.005298
0.004674
0.004301
0.004230
0.004254
0.004372
0.004150
0.004104
0.004280
0.004111
0.004250
0.003820
0.004232
0.003997
0.004642
0.003973
0.004006
0.003990
0.004092
0.004717
0.003943
0.003990
0.003580
0.002007
0.001843
0.000936
0.002292
0.002724
0.003929
0.003663
0.003456
0.003604
0.003602
0.003433
0.003329
0.003481
0.002015
0.003054
0.003750
0.003548
0.004306
0.001467
0.003615
0.003536
0.005320
0.003853
0.003884
0.003462
0.001053
0.000944
0.002695
0.004007
0.000994
0.000953
0.003603
0.000905
0.002678
0.000916
0.000930
0.001446
0.003109
0.001420
0.002321
0.000917
0.003046
0.001403
0.000917
0.003375
0.003726
0.003634
0.003507
0.004135
0.003701
0.004251
0.004023
0.004753
0.004389
0.004077
0.004168
0.004295
0.005002
0.004097
0.004554
0.004014
0.004081
0.004187
0.004148
0.004068
0.004673
0.004227
0.004180
0.004808
0.004531
0.004269
0.004695
0.004022
0.004885
0.004170
0.004235
0.004230
0.004328
0.004770
0.004465
0.004447
0.004465
0.004282
0.004622
0.004312
0.004423
0.004171
0.004134
0.004273
0.004608
0.004157
0.004220
0.004143
0.004390
0.004439
0.004240
0.004090
0.006955
0.003449
0.003370
0.003478
0.003710
0.003477
0.001474
0.005147
0.003387
0.001880
0.000925
0.001806
0.001761
0.003137
0.001780
0.001744
0.001770
0.000935
0.000943
0.004595
0.003616
0.003477
0.003407
0.003508
0.003526
0.003437
0.003546
0.004169
0.003588
0.003641
0.003519
0.000924
0.003752
0.003484
0.000971
0.003519
0.003428
0.003578
0.002003
0.003692
0.003354
0.005070
0.003483
0.004037
0.003601
0.004675
0.003546
0.003865
0.003507
0.003649
0.003500
0.003387
0.003588
0.004329
0.001748
0.004274
0.004046
0.004253
0.004266
0.004459
0.004552
0.005775
0.004140
0.004367
0.005695
0.004154
0.004518
0.004273
0.004218
0.004284
0.004210
0.004242
0.004164
0.004073
0.004217
0.005750
0.004134
0.004379
0.004451
0.004136
0.004541
0.004185
0.004373
0.004193
0.004213
0.004569
0.004291
0.004715
0.004260
0.004174
0.004043
0.004290
0.005008
0.004721
0.004214
0.004279
0.004226
0.004367
0.004306
0.005244
0.004347
0.004227
0.003297
0.004344
0.004291
0.004365
0.004454
0.003841
0.007334
0.004439
0.004391
0.005521
0.004199
0.004222
0.004281
0.004062
0.004198
0.004115
0.003960
0.004367
0.004320
0.003874
0.004310
0.004250
0.004280
0.004077
0.004918
0.004450
0.004307
0.004289
0.004697
0.003979
0.004420
0.003282
0.004167
0.004070
0.004166
0.004121
0.004210
0.004216
0.004125
0.005021
0.004267
0.004121
0.004332
0.004287
0.004420
0.004539
0.004284
0.004096
0.004316
0.004165
0.004073
0.004071
0.003983
0.004729
0.004089
0.004329
0.004088
0.003916
0.004371
0.004273
0.003932
0.004589
0.003865
0.004119
0.004072
0.006433
0.004424
0.004331
0.004219
0.004084
0.004059
0.004095
0.004255
0.003422
0.004066
0.004328
0.004077
0.004644
0.003899
0.003789
0.003422
0.003448
0.000932
0.003486
0.000924
0.003471
