32
11
11
12
22
23
22
21
20
20
21
20
20
21
20
20
21
20
20
21
20
21
20
20
21
20
20
21
20
20
21
20
20
21
20
20
11
10
10
11
10
10
10
10
11
10
10
10
11
11
10
11
10
11
10
11
10
11
10
11
10
11
10
11
11
10
11
10
11
10
11
10
11
10
11
10
11
10
11
10
11
10
11
10
11
10
11
10
11
10
11
10
11
11
10
11
10
11
10
11
10
11
10
11
10
11
10
11
10
11
10
11
10
11
10
11
10
11
10
11
10
11
11
10
11
10
11
10
11
10
11
10
11
10
11
10
11
10
11
10
11
10
11
10
11
10
11
10
11
11
10
11
10
11
10
11
10
11
10
11
10
11
10
11
10
11
10
11
11
10
11
10
10
11
10
11
10
11
11
10
11
10
11
10
11
10
11
10
11
10
11
10
11
10
11
10
11
11
10
10
10
11
10
11
10
11
10
11
10
11
10
11
10
11
10
11
10
11
10
11
10
11
10
11
10
10
11
10
11
10
11
10
11
10
11
10
11
10
11
10
11
10
11
10
11
10
11
10
11
11
10
10
11
10
10
11
10
11
10
11
10
11
10
11
10
11
10
11
11
11
11
11
11
11
11
11
12
22
22
21
22
22
22
22
22
22
21
22
22
22
22
22
22
22
12
11
10
11
10
11
10
11
10
10
11
10
11
10
11
10
11
10
10
11
10
10
10
10
11
10
11
10
11
10
11
10
11
10
11
10
11
10
11
10
11
11
10
11
10
11
10
11
10
11
10
11
10
11
10
11
10
11
10
11
10
11
10
11
10
11
10
11
10
11
10
11
10
11
11
10
11
10
11
10
11
10
11
10
11
10
11
10
11
10
10
11
10
11
10
11
10
11
10
11
10
11
10
11
10
11
11
10
11
10
11
10
11
10
11
10
11
10
11
10
11
11
12
11
12
11
12
23
11
10
11
12
11
12
12
11
11
12
23
23
12
11
10
12
23
11
11
11
10
14
13
14
13
14
27
11
13
15
15
16
15
16
11
16
15
16
16
16
15
16
16
15
16
16
15
16
16
16
16
16
15
16
15
16
16
16
15
16
15
16
16
16
15
16
15
16
31
30
11
15
16
15
15
15
15
16
