3.385946
4.035837
4.491567
5.446392
11.439790
11.514033
10.448973
10.177679
10.195709
10.182360
10.184127
10.180079
10.180281
10.170379
10.184495
10.184065
10.203377
10.187404
10.178081
10.180126
10.179591
10.180386
10.178654
10.179882
10.175409
10.170776
10.174318
10.197120
10.185507
10.212664
10.179517
10.177452
10.171135
10.184834
10.191760
10.183635
3.742991
3.430992
3.096729
2.755298
2.427161
2.083996
1.743198
1.416506
1.073367
0.730222
0.516995
0.505626
0.509145
0.593886
0.492091
0.509322
0.596352
0.532139
0.505086
0.527983
0.511832
0.517336
0.553009
0.515187
0.530448
0.502910
0.519218
0.531843
0.526430
0.515420
0.528023
0.516136
0.511941
0.555115
0.537734
0.534886
0.519480
0.515719
0.531721
0.513372
0.516814
0.514306
0.527299
0.512400
0.527074
0.520944
0.528626
0.568803
0.531519
0.530798
0.514760
0.525302
0.524712
0.512473
0.511928
0.514829
0.511182
0.519033
0.524994
0.524638
0.505236
0.511393
0.509051
0.508697
0.520195
0.513043
0.511118
0.516593
0.511866
0.507109
0.518922
0.508029
0.517114
0.549028
0.523535
0.590013
0.512591
0.526217
0.529441
0.525495
0.517946
0.528581
0.515667
0.523420
0.522328
0.519398
0.527002
0.511054
0.530004
0.517534
0.523840
0.531261
0.660180
0.517948
0.532309
0.515439
0.529723
0.519552
0.520950
0.531601
0.527496
0.513933
0.543976
0.520422
0.522993
0.515862
0.519082
0.606617
0.602840
0.606523
0.602332
0.598199
0.587694
0.602376
0.589479
0.596346
0.600630
0.588148
0.565660
0.548027
0.549074
0.587572
0.566970
0.545111
0.563560
0.556941
0.562050
0.556897
0.562356
0.580880
0.607343
0.604069
0.830214
0.735250
0.670159
0.576042
0.556585
0.562700
0.566516
0.556186
0.543414
0.537494
0.589292
0.591429
0.580891
0.540468
0.567687
0.580302
0.591017
0.601402
0.602318
0.581222
0.581584
0.587167
0.575026
0.584424
0.589617
0.587505
0.580230
0.576820
0.608775
0.591307
0.534400
0.530599
0.549181
0.530824
0.552695
0.538593
0.544682
0.539410
0.585355
0.533795
0.518686
0.525376
0.516041
0.516393
0.527509
0.540853
0.546307
0.512402
0.512653
0.505762
0.505987
0.504440
0.524953
0.516637
0.507001
0.514168
0.547847
0.524421
0.524555
0.509303
0.523580
0.531021
0.510014
0.539160
0.516845
0.500727
0.528059
0.508980
0.555184
0.513163
0.533786
0.507147
0.559259
0.508186
0.523009
0.510566
0.503559
0.512580
0.510410
0.508527
0.517963
0.660429
0.507158
0.501328
0.523040
0.508935
0.503305
0.529983
0.527249
0.509561
0.512176
0.514435
0.535181
0.519408
0.514258
0.513606
0.536538
1.092803
0.740854
0.549352
0.983932
1.379802
2.003031
2.678237
3.225619
3.982340
4.626259
5.252422
5.848588
11.167013
11.082657
11.013370
11.236615
11.275106
11.275454
11.093736
11.270322
11.284560
11.161412
11.227125
11.278393
11.089008
11.306678
11.176906
11.222225
11.038162
3.177213
3.173544
3.143352
3.093186
3.071644
3.077611
3.042245
3.003388
2.981113
2.938426
2.921265
2.788636
2.849404
2.844043
2.821741
2.778389
2.738763
2.599421
2.254840
1.928018
1.570071
1.236752
0.923548
0.587014
0.519869
0.538814
0.548453
0.508072
0.514227
0.508588
0.507908
0.522792
0.506845
0.507418
0.507221
0.536263
0.675665
0.516980
0.504908
0.511168
0.513511
0.527980
0.522238
0.504893
0.502858
0.543244
0.551817
0.528032
0.519122
0.523747
0.512403
0.516533
0.505655
0.522390
0.510336
0.506353
0.518399
0.507402
0.503455
0.525523
0.529878
0.513387
0.526550
0.516472
0.533169
0.522088
0.516154
0.514490
0.525519
0.512383
0.532186
0.853657
0.508796
0.614456
0.646381
0.737646
0.726762
0.672279
0.548543
0.619556
0.588343
0.615641
0.593242
0.574818
0.577832
0.573901
0.576873
0.569016
0.576335
0.561829
0.560391
0.594447
0.554909
0.592177
0.583921
0.587977
0.571989
0.567354
0.569068
0.618944
0.598432
0.614321
0.599876
0.610678
0.599433
0.644935
0.603426
0.621715
0.618518
0.682966
0.730690
0.713816
0.766953
0.791825
0.796274
0.600234
0.564759
0.560520
0.551564
0.559213
0.545645
0.875753
2.322254
2.822614
4.280436
4.703264
6.248504
12.314395
3.558727
3.523615
3.720496
5.024051
5.414660
6.864725
3.551348
4.263500
4.679892
6.074920
12.341193
12.292566
3.892551
4.347847
4.470926
5.980282
10.863051
4.014195
4.502487
5.215848
3.079131
4.619869
5.261419
6.857781
7.494648
9.079857
14.153019
3.948293
0.917134
1.405471
3.751172
5.557551
7.897042
10.079512
3.628462
4.093686
4.112561
4.607266
4.698665
5.187176
5.312200
5.805263
5.738784
5.440035
5.667797
6.128886
6.247504
6.706873
6.820680
7.314366
7.434344
7.903693
7.868582
8.244712
8.128804
8.567853
8.523083
8.820668
8.795745
9.071394
9.060672
9.473926
9.436705
9.859543
9.740898
10.060157
10.003678
10.437652
15.258055
15.266292
2.999573
2.707572
2.382405
2.036572
1.706345
1.390357
1.058610
0.730979
