0.001527
0.001899
0.001654
0.001471
0.001404
0.001426
0.001450
0.001478
0.001495
0.001403
0.001399
0.001397
0.001409
0.001455
0.001451
0.001418
0.001431
0.001651
0.001430
0.001646
0.001428
0.001597
0.001464
0.001525
0.001404
0.001501
0.001503
0.001431
0.001465
0.001670
0.001415
0.001450
0.001390
0.001433
0.001407
0.001510
0.001441
0.001555
0.001721
0.001423
0.001454
0.001612
0.001597
0.001553
0.001457
0.001407
0.001429
0.001467
0.001373
0.001750
0.001422
0.001416
0.001467
0.001401
0.001695
0.001508
0.001449
0.001543
0.001411
0.002416
0.001395
0.001463
0.001411
0.001577
0.001455
0.001594
0.001420
0.001507
0.001512
0.001584
0.001364
0.001420
0.001483
0.001391
0.001398
0.001398
0.001407
0.001439
0.001432
0.001373
0.001678
0.001578
0.001451
0.001507
0.001431
0.001432
0.001516
0.001429
0.001640
0.001450
0.001533
0.001439
0.001438
0.001411
0.001417
0.001471
0.001566
0.001451
0.001457
0.001428
