0.664261
0.655404
0.667363
0.665708
0.664459
0.645801
0.640051
0.647880
0.649979
0.657948
0.663822
0.642198
0.655942
0.659242
0.648682
0.674498
0.642421
0.640544
0.647696
0.648674
0.657216
0.697786
0.674618
0.641403
0.665243
0.659250
0.645129
0.643897
0.661575
0.680834
0.677494
0.640646
0.656611
0.642159
0.629726
0.636413
0.649269
0.673454
0.655863
0.647835
0.644228
0.646235
0.670800
0.663565
0.660441
0.642237
0.644945
0.651647
0.663754
0.668803
0.655625
0.651672
0.655740
0.665814
0.733567
0.651571
0.651602
0.645522
0.651339
0.670107
0.646439
0.655426
0.662455
0.643390
0.660807
0.659688
0.648958
0.648321
0.643312
0.652787
0.656992
0.660648
0.657806
0.645889
0.642184
0.651989
0.664517
0.640277
0.641129
0.630035
0.648709
0.681252
0.654785
0.663510
0.693573
0.664401
0.654463
0.667318
0.647018
0.662582
0.656523
0.654451
0.668642
0.662742
0.656131
0.677551
0.660910
0.656752
0.645474
0.667032
