0.092770
0.089193
0.091000
0.092732
0.091831
0.091418
0.094456
0.090170
0.098334
0.087323
0.095680
0.090743
0.092664
0.098885
0.088976
0.087214
0.093028
0.096025
0.090933
0.088673
0.097575
0.090315
0.087776
0.089687
0.088275
0.088841
0.098044
0.089121
0.086914
0.119383
0.090690
0.088209
0.087899
0.088206
0.090803
0.090077
0.098874
0.092977
0.087691
0.090260
0.089915
0.093601
0.091369
0.095087
0.087872
0.088794
0.088939
0.088114
0.091699
0.089722
0.099665
0.094663
0.087735
0.092943
0.087560
0.091597
0.087699
0.092103
0.091406
0.088053
0.087324
0.093775
0.088765
0.092329
0.104368
0.097355
0.094726
0.098365
0.097204
0.098593
0.089200
0.089238
0.093087
0.091760
0.090253
0.091352
0.095241
0.090198
0.096996
0.090075
0.094694
0.092742
0.091197
0.090562
0.089084
0.090667
0.091185
0.094508
0.093968
0.090405
0.089188
0.101858
0.096537
0.098080
0.091721
0.089588
0.096190
0.101805
0.097505
0.104948
0.098609
0.088285
0.101310
0.092657
0.090567
0.091191
0.088210
0.088079
0.097022
0.090774
0.091895
0.092883
0.098333
0.088913
0.095684
0.089245
0.089950
0.091195
0.089721
0.092380
0.089307
0.089010
0.093291
0.091547
0.090338
0.087659
0.089484
0.089499
0.089411
0.089143
0.089609
0.094525
0.092241
0.090312
0.089624
0.094725
0.091989
0.087388
0.088374
0.093888
0.102116
0.091884
0.088627
0.095461
0.094424
0.095514
0.089204
0.089599
0.091614
0.089711
0.086294
0.098309
0.094875
0.091507
0.093172
0.094954
0.089909
0.097281
0.089795
0.107069
0.090723
0.104158
0.089951
0.102811
0.094840
0.102594
0.091164
0.089926
0.087205
0.094563
0.089487
0.090654
0.089847
0.090506
0.089895
0.088650
0.092407
0.093199
0.090003
0.095574
0.092341
0.089303
0.088830
0.091936
0.090037
0.092522
0.088578
0.091892
0.088371
0.091081
0.096398
0.099390
0.091777
0.091529
0.098734
0.098752
0.092633
0.092110
0.089612
0.089864
0.093751
0.091133
0.097432
0.088297
0.089757
0.089298
0.091270
0.089530
0.087908
0.090490
0.095070
0.088207
0.091112
0.088483
0.099669
0.093387
0.091232
0.088491
0.089244
0.101875
0.087973
0.090936
0.094860
0.092132
0.088732
0.090189
0.088845
0.089236
0.090105
0.088570
0.091556
0.088880
0.092190
0.091153
0.100519
0.098662
0.087918
0.097171
0.109219
0.096515
0.093744
0.092718
0.090385
0.087851
0.092683
0.089309
0.091268
0.093859
0.098311
0.090253
0.089933
0.087906
0.090374
0.089649
0.089442
0.088070
0.091119
0.089573
0.089922
0.101473
0.087800
0.091736
0.091865
0.090090
0.092728
0.094852
0.100081
0.090408
0.088349
0.091929
0.087601
0.089008
0.092925
0.091852
0.091311
0.088949
0.088058
0.092583
0.091246
0.100957
0.089054
0.093160
0.091801
0.091523
0.087733
0.090454
0.089884
0.089107
0.089407
0.092515
0.087353
0.093812
0.091855
0.091318
0.089103
0.092389
0.091153
0.087473
0.091912
0.103541
0.089550
0.088625
0.088697
0.091458
0.101758
0.096826
0.092073
0.090241
0.088203
0.090541
0.087642
0.088963
0.090268
0.088448
0.097559
0.088099
0.090933
0.088158
0.089484
0.086897
0.086551
0.093265
0.090972
0.087801
0.089508
0.090259
0.089365
0.103378
0.089157
0.088198
0.093380
0.089781
0.090396
0.093251
0.090716
0.093010
0.089395
0.090740
0.105825
0.104074
0.091977
0.088194
0.090255
0.090643
0.089104
0.091680
0.095708
0.091334
0.089099
0.094681
0.095734
0.090690
0.105615
0.088143
0.097538
0.090094
0.090606
0.095856
0.089398
0.088368
0.089074
0.091689
0.088412
0.088250
0.099543
0.092086
0.090396
0.089263
0.090707
0.093699
0.089495
0.101869
0.088366
0.098537
0.087193
0.092366
0.094251
0.091255
0.103087
0.092071
0.086223
0.089580
0.089652
0.089560
0.088512
0.087915
0.090475
0.092990
0.088765
0.091679
0.090769
0.089988
0.090453
0.087564
0.091304
0.090294
0.096501
0.089313
0.104675
0.093647
0.094345
0.089206
0.098823
0.094123
0.088347
0.091601
0.099706
0.090335
0.089330
0.094077
0.094582
0.087985
0.090525
0.088759
0.099742
0.096573
0.092087
0.089820
0.099453
0.100431
0.096389
0.093981
0.090939
0.091992
0.090755
0.093003
0.092492
0.092450
0.095045
0.088302
0.092359
0.087548
0.089097
0.087730
0.095168
0.096836
0.089525
0.096434
0.090024
0.089097
0.089211
0.090899
0.088922
0.088550
0.091053
0.090957
0.089174
0.088139
0.091063
0.089623
0.086685
0.098545
0.097598
0.089151
0.088699
0.090243
0.097084
0.088517
0.089871
0.093352
0.086996
0.091444
0.096108
0.091814
0.050370
0.063829
0.066254
0.064000
0.063255
0.054266
0.057511
0.052728
0.055856
0.056187
0.057812
0.053392
0.057579
0.010957
0.013310
0.001715
0.001533
0.000962
0.090257
0.102810
0.089302
0.091686
0.087879
0.089070
0.088592
0.088664
0.089943
0.098431
0.089229
0.095341
0.088971
0.101668
0.088682
0.088373
0.089307
0.097175
