0.000091
0.000078
0.000095
0.000082
0.000092
0.000082
0.000102
0.000079
0.000085
0.000087
0.000077
0.000078
0.000079
0.000175
0.000085
0.000084
0.000082
0.000076
0.000077
0.000079
0.000085
0.000077
0.000079
0.000090
0.000077
0.000078
0.000083
0.000079
0.000079
0.000074
0.000086
0.000078
0.000082
0.000080
0.000078
0.000078
0.000080
0.000083
0.000076
0.000071
0.000076
0.000085
0.000080
0.000078
0.000077
0.000078
0.000107
0.000078
0.000076
0.000044
0.000077
0.000093
0.000079
0.000080
0.000079
0.000086
0.000081
0.000086
0.000084
0.000077
0.000086
0.000084
0.000083
0.000078
0.000079
0.000042
0.000080
0.000083
0.000080
0.000093
0.000073
0.000119
0.000067
0.000086
0.000084
0.000080
0.000080
0.000051
0.000084
0.000086
0.000066
0.000066
0.000080
0.000086
0.000081
0.000066
0.000079
0.000086
0.000110
0.000082
0.000082
0.000064
0.000066
0.000076
0.000081
0.000091
0.000082
0.000120
0.000097
0.000064
0.000082
0.000077
0.000081
0.000077
0.000080
0.000079
0.000080
0.000079
0.000075
0.000079
0.000079
0.000078
0.000079
0.000066
0.000066
0.000096
0.000106
0.000078
0.000079
0.000079
0.000079
0.000083
0.000080
0.000066
0.000080
0.000078
0.000068
0.000081
0.000066
0.000077
0.000067
0.000075
0.000067
0.000067
0.000085
0.000082
0.000080
0.000066
0.000081
0.000086
0.000092
0.000080
0.000075
0.000085
0.000096
0.000107
0.000101
0.000082
0.000085
0.000088
0.000086
0.000080
0.000092
0.000093
0.000104
0.000087
0.000079
0.000105
0.000068
0.000086
0.000091
0.000078
0.000083
0.000070
0.000089
0.000088
0.000084
0.000081
0.000088
0.000093
0.000100
0.000079
0.000094
0.000080
0.000077
0.000082
0.000068
0.000090
0.000073
0.000092
0.000097
0.000072
0.000068
0.000091
0.000087
0.000087
0.000081
0.000084
0.000069
0.000084
0.000097
0.000086
0.000085
0.000080
0.000083
0.000092
0.000093
0.000081
0.000118
0.000100
0.000072
0.000079
0.000081
0.000206
0.000194
0.000068
0.000087
0.000085
0.000083
0.000076
0.000078
0.000078
0.000068
0.000079
0.000081
0.000079
0.000086
0.000078
0.000070
0.000058
0.000078
0.000081
0.000081
0.000087
0.000079
0.000081
0.000094
0.000080
0.000084
0.000079
0.000080
0.000079
0.000080
0.000080
0.000069
0.000088
0.000078
0.000082
0.000089
0.000093
0.000076
0.000080
0.000080
0.000086
0.000081
0.000084
0.000066
0.000078
0.000079
0.000080
0.000078
0.000076
0.000078
0.000078
0.000083
0.000083
0.000079
0.000079
0.000079
0.000087
0.000077
0.000079
0.000080
0.000077
0.000079
0.000089
0.000080
0.000089
0.000087
0.000092
0.000085
0.000079
0.000090
0.000078
0.000089
0.000093
0.000082
0.000093
0.000086
0.000080
0.000089
0.000093
0.000081
0.000094
0.000085
0.000094
0.000083
0.000085
0.000078
0.000071
0.000084
0.000082
0.000100
0.000080
0.000208
0.000084
0.000090
0.000092
0.000083
0.000088
0.000075
0.000097
0.000095
0.000098
0.000093
0.000087
0.000091
0.000088
0.000084
0.000105
0.000090
0.000089
0.000081
0.000078
0.000079
0.000080
0.000076
0.000079
0.000425
0.000078
0.000079
0.000080
0.000079
0.000078
0.000076
0.000081
0.000080
0.000079
0.000079
0.000078
0.000078
0.000066
0.000078
0.000088
0.000083
0.000078
0.000076
0.000078
0.000084
0.000082
0.000079
0.000076
0.000079
0.000078
0.000083
0.000080
0.000082
0.000080
0.000326
0.000079
0.000075
0.000079
0.000080
0.000079
0.000079
0.000080
0.000081
0.000074
0.000084
0.000078
0.000078
0.000078
0.000084
0.000085
0.000069
0.000085
0.000079
0.000045
0.000087
0.000088
0.000080
0.000092
0.000084
0.000073
0.000080
0.000080
0.000075
0.000088
0.000086
0.000079
0.000085
0.000088
0.000099
0.000066
0.000085
0.000090
0.000071
0.000083
0.000069
0.000070
0.000068
0.000065
0.000093
0.000068
0.000082
0.000082
0.000091
0.000089
0.000115
0.000084
0.000069
0.000087
0.000067
0.000083
0.000071
0.000068
0.000090
0.000093
0.000088
0.000067
0.000068
0.000070
0.000074
0.000090
0.000092
0.000096
0.000081
0.000088
0.000086
0.000115
0.000084
0.000109
0.000085
0.000078
0.000086
0.000080
0.000086
0.000103
0.000097
0.000089
0.000085
0.000107
0.000082
0.000089
0.000082
0.000091
0.000090
0.000101
0.000085
0.000089
0.000088
0.000101
0.000079
0.000094
0.000127
0.000103
0.000089
0.000093
0.000095
0.000085
0.000080
0.000087
0.000085
0.000095
0.000104
0.000087
0.000081
0.000090
0.000101
0.000087
0.000067
0.000091
0.000094
0.000112
0.000091
0.000094
0.000085
0.000106
0.000087
0.000093
0.000100
0.000091
0.000098
0.000088
0.000094
0.000099
0.000089
0.000081
0.000084
0.000080
0.000078
0.000079
0.000081
0.000092
0.000094
0.000102
0.000086
0.000083
0.000093
0.000097
0.000079
0.000070
0.000071
0.000080
0.000085
0.000079
0.000086
0.000077
0.000078
0.000081
