0.055324
0.054810
0.053213
0.077926
0.064490
0.074536
0.073736
0.071507
0.077546
0.001451
0.001046
0.001332
0.001952
0.001036
0.001455
0.001578
0.001408
0.001528
0.001541
0.000829
0.001086
0.000845
0.000531
0.000458
0.000596
0.000748
0.000942
0.000866
0.000634
0.001371
0.001407
0.001181
0.001115
0.001330
0.001883
0.001204
0.001251
0.001229
0.001371
0.001483
0.000880
0.001083
0.001516
0.001225
0.001332
0.000675
0.000538
0.000613
0.000526
0.000665
0.000751
0.001032
0.001148
0.001020
0.001066
0.001046
0.001137
0.001144
0.001160
0.000896
0.001030
0.000729
0.000759
0.001594
0.002542
0.001889
0.002061
0.002085
0.002205
0.003552
0.004105
0.003496
0.002243
0.002489
0.002702
0.002835
0.002689
0.002376
0.002469
0.002619
0.002418
0.002527
0.002417
0.002589
0.002937
0.002857
0.003041
0.002678
0.002475
0.002150
0.002628
0.002191
0.002253
0.002614
0.001260
0.001206
0.001208
0.001343
0.001225
0.001403
0.001376
0.001162
0.001307
0.001349
0.001205
0.001046
0.001316
0.000998
0.003853
0.003449
0.003393
0.001788
0.001784
0.003332
0.002821
0.002800
0.001850
0.002169
0.003049
0.003140
0.001883
0.002824
0.003175
0.002434
0.004357
0.002728
0.002561
0.002966
0.002954
0.001997
0.002448
0.002712
0.002693
0.002695
0.002669
0.004217
0.003826
0.004477
0.004412
0.003371
0.002782
0.003226
0.003100
0.021934
0.022047
0.022221
0.021722
0.025786
0.016698
0.015343
0.017301
0.018359
0.015876
0.019148
0.011551
0.015692
0.012236
0.012138
0.013170
0.010746
0.012529
0.011052
0.011056
0.011133
0.010727
0.011046
0.024879
0.023070
0.021498
0.019841
0.019214
0.013547
0.014057
0.014318
0.012679
0.008094
0.010256
0.008586
0.009788
0.007591
0.008419
0.009606
0.020811
0.016542
0.017564
0.018020
0.019079
0.019417
0.020610
0.017347
0.017442
0.018099
0.019911
0.024992
0.019318
0.017660
0.018212
0.021475
0.006569
0.006615
0.006914
0.006021
0.009586
0.005431
0.005445
0.011006
0.008651
0.005240
0.005225
0.002742
0.003384
0.003379
0.005924
0.003602
0.002534
0.001025
0.001053
0.000766
0.001106
0.000660
0.001341
0.001428
0.001467
0.001241
0.001362
0.001299
0.001281
0.001403
0.001271
0.001259
0.001287
0.001232
0.001362
0.001241
0.001599
0.001404
0.001342
0.001445
0.001471
0.001431
0.000825
0.000822
0.000679
0.001030
0.000795
0.000683
0.001136
0.001069
0.001012
0.000723
0.000700
0.000815
0.000631
0.000860
0.000892
0.000808
0.001062
0.000969
0.000844
0.001385
0.002262
0.002208
0.002362
0.002053
0.002301
0.059233
0.001384
0.010640
0.050852
0.053902
0.063940
0.063133
0.068361
0.072336
0.068355
0.061733
0.062225
0.065060
0.053938
0.061647
0.048874
0.048362
0.051700
0.053622
0.072145
0.059725
0.057616
0.060911
0.057112
0.078541
0.050497
0.051715
0.060466
0.061579
0.049072
0.052224
0.049280
0.050047
0.057828
0.063859
0.056311
0.056084
0.054726
0.049415
0.060942
0.048273
0.056835
0.056782
0.056112
0.049596
0.054252
0.049878
0.001199
0.001317
0.001197
0.001597
0.001599
0.001124
0.000841
0.001477
0.001526
0.000704
0.000689
0.000691
0.000841
0.000857
0.000756
0.000866
0.000679
0.000888
0.000923
0.000898
0.000881
0.000829
0.001207
0.001264
0.001305
0.001661
0.001205
0.001818
0.001940
0.002093
0.001668
0.001041
0.001012
0.001079
0.001058
0.001182
0.001268
0.001101
0.000959
0.001634
0.001572
0.001563
0.003008
0.001927
0.002115
0.001897
0.001952
0.002047
0.002100
0.002142
0.002487
0.002100
0.001981
0.048930
0.000768
0.028711
0.030589
0.028453
0.028682
0.021420
0.011761
0.027797
0.019076
0.019941
0.021487
0.014876
0.012831
0.014330
0.019384
0.015145
0.016640
0.016432
0.013785
0.012364
0.012500
0.019628
0.019397
0.019930
0.013017
0.012639
0.008354
0.027733
0.022914
0.023796
0.023025
0.025888
0.021813
0.025000
0.021976
0.026520
0.024124
0.028523
0.029650
0.024921
0.025476
0.025489
0.030485
0.013621
0.014582
0.012771
0.015163
0.010150
0.011214
0.051363
0.132705
0.052744
0.141407
0.055818
0.125816
0.063166
0.143424
0.060298
0.120255
0.114724
0.052127
0.126179
0.051702
0.125266
0.052198
0.124450
0.061331
0.135463
0.063174
0.167471
0.066113
0.150096
0.065912
0.135108
0.073761
0.137503
0.063665
0.140806
0.064905
0.146268
0.064929
0.134507
0.056278
0.135681
0.051642
0.118930
0.051075
0.120487
0.054177
0.122946
0.063618
0.150737
0.065591
0.133019
0.060580
0.157697
0.065871
0.140256
0.011108
0.142712
0.128781
0.144001
0.130197
0.118627
0.142293
0.137284
0.124155
0.120680
0.117342
0.125391
0.125673
0.010736
0.010970
0.001150
0.001034
0.001134
0.055106
0.132470
0.061866
0.114130
0.051571
0.116457
0.052798
0.117823
0.011337
0.012120
0.012054
0.011029
0.001566
0.001081
0.001045
0.001036
0.000850
0.001234
