0.156626
0.152652
0.152976
0.179209
0.165098
0.174454
0.176856
0.170807
0.184285
0.097608
0.105272
0.100650
0.103661
0.108479
0.098755
0.097335
0.103293
0.106671
0.101888
0.099272
0.107414
0.099746
0.096963
0.098838
0.097481
0.098031
0.107831
0.099772
0.096139
0.129162
0.100597
0.098580
0.097600
0.098143
0.101338
0.100977
0.108583
0.102969
0.097742
0.100284
0.099231
0.103345
0.101985
0.105207
0.097852
0.098179
0.097905
0.097394
0.100900
0.098825
0.108895
0.104341
0.097566
0.102426
0.097541
0.101314
0.097358
0.102147
0.101308
0.097452
0.096945
0.103220
0.097853
0.102223
0.115387
0.108131
0.105517
0.109655
0.108179
0.110788
0.101706
0.101255
0.103859
0.102700
0.101574
0.102733
0.106977
0.101634
0.108315
0.101182
0.106177
0.103769
0.102249
0.102472
0.100624
0.102049
0.103111
0.105996
0.105343
0.102495
0.103045
0.112555
0.107264
0.109675
0.101668
0.099542
0.105958
0.112062
0.108333
0.115780
0.109396
0.098232
0.111190
0.102747
0.100310
0.101074
0.097826
0.097687
0.109566
0.104330
0.103946
0.103256
0.108751
0.100573
0.106903
0.101331
0.100405
0.101689
0.101531
0.104230
0.101067
0.100530
0.104984
0.103250
0.103234
0.098803
0.100565
0.101770
0.101181
0.099835
0.100769
0.105919
0.103399
0.101352
0.101196
0.107744
0.104477
0.100432
0.101669
0.105922
0.113461
0.103543
0.100086
0.126124
0.125270
0.126355
0.119674
0.125690
0.116874
0.114883
0.112355
0.125808
0.119262
0.119365
0.113304
0.119491
0.110742
0.118089
0.111585
0.126929
0.111822
0.123646
0.109467
0.123343
0.114643
0.122268
0.124810
0.121539
0.117377
0.122789
0.117809
0.112731
0.112517
0.113875
0.111175
0.105545
0.111453
0.110253
0.108649
0.112135
0.109601
0.107371
0.118236
0.117045
0.116220
0.119171
0.116304
0.119838
0.117444
0.116945
0.123244
0.126005
0.120391
0.125155
0.126788
0.125109
0.119507
0.122183
0.105285
0.106259
0.109121
0.105480
0.115933
0.102168
0.103735
0.110205
0.108729
0.103236
0.101531
0.102106
0.107243
0.100088
0.105950
0.100436
0.111062
0.102872
0.100945
0.098120
0.098852
0.111680
0.097873
0.101013
0.105078
0.102065
0.098455
0.100272
0.098536
0.099373
0.099959
0.098978
0.101749
0.098906
0.102249
0.101005
0.110789
0.112036
0.098025
0.108424
0.119586
0.106452
0.103302
0.102080
0.099728
0.097448
0.102480
0.098429
0.100690
0.103371
0.107899
0.099502
0.098989
0.097222
0.099638
0.099217
0.098864
0.098059
0.100733
0.098953
0.099327
0.111507
0.098545
0.102643
0.102703
0.101304
0.103698
0.164838
0.110741
0.109643
0.147642
0.154287
0.160122
0.160867
0.169779
0.172758
0.168558
0.160851
0.159709
0.166673
0.153915
0.171867
0.146937
0.150359
0.152145
0.153897
0.169430
0.159188
0.156213
0.158508
0.155440
0.179966
0.146246
0.154216
0.162163
0.161606
0.147489
0.153377
0.149463
0.146208
0.158449
0.176271
0.154325
0.153800
0.151953
0.149484
0.171495
0.154340
0.157727
0.155709
0.153366
0.149033
0.150384
0.147478
0.100664
0.098600
0.107336
0.098260
0.101774
0.097808
0.099693
0.096829
0.096440
0.103024
0.100256
0.096876
0.100104
0.099580
0.098744
0.113129
0.098480
0.097964
0.102764
0.099160
0.100031
0.103004
0.101849
0.103398
0.100502
0.101172
0.120974
0.115068
0.102630
0.099228
0.101573
0.101037
0.098837
0.101458
0.105356
0.101826
0.099762
0.104255
0.105268
0.100893
0.116598
0.098271
0.109106
0.100776
0.102002
0.106223
0.100690
0.098881
0.099919
0.103304
0.100384
0.100567
0.110103
0.149667
0.101227
0.126676
0.130120
0.131005
0.127143
0.132177
0.108780
0.135377
0.114979
0.120842
0.124252
0.114830
0.124549
0.115240
0.114209
0.114697
0.115122
0.114542
0.112494
0.109600
0.111961
0.120892
0.116686
0.120172
0.112427
0.110952
0.107929
0.123643
0.123026
0.122653
0.128071
0.123833
0.135023
0.127714
0.125248
0.124533
0.131450
0.131492
0.126734
0.124893
0.133891
0.124201
0.128335
0.116333
0.117577
0.109299
0.114053
0.107213
0.119617
0.158559
0.233381
0.151084
0.249582
0.164974
0.230811
0.166048
0.243033
0.161224
0.219985
0.216986
0.153400
0.227473
0.156138
0.222947
0.153140
0.221058
0.160072
0.231930
0.167144
0.272991
0.165239
0.255687
0.166011
0.233518
0.171944
0.237729
0.161581
0.237941
0.164639
0.246166
0.163058
0.231248
0.156354
0.233982
0.146798
0.226456
0.157236
0.218372
0.152098
0.222109
0.169300
0.247931
0.164323
0.235287
0.156011
0.257789
0.170855
0.240978
0.070451
0.215236
0.204082
0.216887
0.202236
0.181957
0.208609
0.198477
0.188554
0.185658
0.184238
0.187494
0.192231
0.030028
0.034583
0.011149
0.011082
0.010768
0.156517
0.243677
0.161538
0.214795
0.148115
0.213953
0.149832
0.215338
0.109993
0.119344
0.109928
0.115515
0.099049
0.111253
0.098720
0.098179
0.098586
0.107026
