0.013845
0.013055
0.013396
0.012949
0.013199
0.013365
0.013346
0.013433
0.013053
0.013343
0.015120
0.013870
0.013926
0.013219
0.013304
0.013655
0.013072
0.013341
0.013182
0.014396
0.013962
0.013130
0.013798
0.013038
0.014312
0.014427
0.014860
0.013446
0.013272
0.014909
0.013468
0.013432
0.013236
0.013216
0.014874
0.013440
0.013191
0.013311
0.013035
0.013458
0.013708
0.014032
0.013269
0.015028
0.013246
0.013490
0.013180
0.013118
0.013649
0.015277
0.019082
0.013124
0.014405
0.013216
0.014284
0.013184
0.013757
0.013760
0.013319
0.013955
0.014724
0.013375
0.013439
0.013175
0.015532
0.014188
0.013882
0.014146
0.013988
0.013138
0.013750
0.013521
0.014707
0.013161
0.021596
0.013592
0.013044
0.013609
0.013221
0.013389
0.013475
0.013856
0.013319
0.013014
0.014471
0.013638
0.013690
0.013681
0.013342
0.013324
0.013468
0.013538
0.013321
0.012871
0.013403
0.013578
0.015084
0.013571
0.013617
0.015034
0.015536
0.013490
0.014136
0.013715
0.013608
0.013553
0.013346
0.013483
0.014195
0.013948
0.014451
0.013180
0.013984
0.022000
0.014597
0.013366
0.013216
0.013305
0.013074
0.013619
0.013633
0.014028
0.013259
0.013738
0.013390
0.013083
0.013234
0.013716
0.013117
0.013275
0.013240
0.013147
0.013626
0.013201
0.013350
0.015825
0.013453
0.013931
0.013633
0.013554
0.013509
0.013335
0.013353
0.013191
0.013269
0.013103
0.013128
0.015252
0.013170
0.013242
0.013987
0.013125
0.013643
0.013533
0.013160
0.013552
0.013113
0.013444
0.013652
0.013340
0.013941
0.013339
0.013686
0.014960
0.013686
0.013703
0.013505
0.013797
0.013152
0.012882
0.013607
0.013431
0.013119
0.013696
0.013456
0.013324
0.013340
0.013229
0.014859
0.013554
0.013357
0.014374
0.013195
0.013695
0.013372
0.013280
0.013228
0.013238
0.013277
0.013499
0.013078
0.013785
0.013194
0.015062
0.013217
0.013393
0.013399
0.013389
0.016686
0.014233
0.012948
0.013371
0.013205
0.013674
0.013373
0.013233
0.014312
0.013385
0.013659
0.013470
0.013548
0.013481
0.013232
0.014108
0.013840
0.013332
0.013307
0.013493
0.013318
0.014163
0.013718
0.013741
0.013575
0.020908
0.013892
0.013280
0.013779
0.013364
0.013356
0.013575
0.015658
0.013263
0.013042
0.013333
0.013292
0.014497
0.013334
0.013050
0.015539
0.013357
0.013745
0.013047
0.013196
0.013331
0.013580
0.014178
0.014156
0.012908
0.013229
0.013524
0.013923
0.013061
0.013359
0.014103
0.013273
0.013947
0.013480
0.016511
0.013550
0.013220
0.014029
0.013170
0.013267
0.013294
0.015396
0.014817
0.013588
0.013433
0.013445
0.013752
0.013359
0.013232
0.013656
0.013218
0.013353
0.013239
0.013234
0.016514
0.013178
0.013424
0.013879
0.013164
0.013368
0.013842
0.012960
0.013926
0.013203
0.013672
0.013478
0.013411
0.013369
0.013667
0.013304
0.014012
0.013531
0.013511
0.013310
0.013288
0.013377
0.013730
0.013813
0.013588
0.013497
0.013413
0.013812
0.015095
0.013441
0.013350
0.013428
0.013545
0.013188
0.013199
0.013225
0.013051
0.013161
0.013422
0.013439
0.013066
0.013950
0.013958
0.013009
0.014113
0.013952
0.012941
0.013993
0.013383
0.013209
0.013603
0.014323
0.013353
0.013466
0.013051
0.013112
0.013186
0.013476
0.013691
0.013637
0.012962
0.013869
0.018403
0.013693
0.013892
0.013682
0.013050
0.013286
0.013278
0.013488
0.013895
0.013943
0.013725
0.013323
0.013389
0.013440
0.013726
0.013329
0.013127
0.013292
0.013274
0.013358
0.013589
0.014602
0.013352
0.013390
0.013555
0.013100
0.013574
0.013656
0.013373
0.014060
0.013582
0.013693
0.013336
0.013943
0.014079
0.013471
0.013952
0.013511
0.013378
0.013324
0.013158
0.013392
0.013312
0.015372
0.014119
0.013134
0.014336
0.013282
0.022959
0.013898
0.027390
0.014483
0.013461
0.013221
0.013968
0.013634
0.013463
0.013054
0.013421
0.013470
0.013376
0.013225
0.013950
0.013245
0.013581
0.012942
0.013018
0.013172
0.013403
0.013031
0.013320
0.013363
0.013151
0.013170
0.013468
0.013193
0.013442
0.013652
0.013478
0.013130
0.013380
0.013386
0.013350
0.013667
0.013355
0.013419
0.013096
0.013963
0.013194
0.014681
0.013340
0.013545
0.013092
0.013526
0.014375
0.013164
0.013239
0.013295
0.013270
0.013308
0.013048
0.013152
0.015067
0.013522
0.012998
0.014163
0.012935
0.013940
0.013467
0.013442
0.013511
0.013567
0.013552
0.013472
0.013482
0.013363
0.013490
0.013185
0.013175
0.013050
0.013375
0.013353
0.013493
0.013692
0.013479
0.016516
0.013083
0.014069
0.012993
0.014142
0.013407
0.014296
0.013125
0.013290
0.013956
0.013372
0.013150
0.013213
0.013510
0.014240
0.013570
0.013211
0.013303
0.013121
0.013055
0.013347
0.013324
0.013160
0.014575
0.013113
0.013373
0.013704
0.013848
0.013298
0.014398
0.016421
0.014234
0.013540
0.013262
0.013838
0.013473
