0.055467
0.054910
0.053338
0.078029
0.064611
0.074639
0.073857
0.071605
0.077650
0.001557
0.001134
0.001421
0.002081
0.001221
0.001550
0.001680
0.001508
0.001616
0.001629
0.000919
0.001188
0.000933
0.000621
0.000558
0.000693
0.000838
0.001037
0.000956
0.000731
0.001456
0.001512
0.001270
0.001208
0.001421
0.001971
0.001293
0.001342
0.001327
0.001458
0.001566
0.000966
0.001179
0.001607
0.001334
0.001421
0.000764
0.000656
0.000702
0.000651
0.000724
0.000839
0.001136
0.001238
0.001111
0.001161
0.001148
0.001229
0.001247
0.001255
0.000984
0.001131
0.000824
0.000852
0.001683
0.002630
0.001941
0.002151
0.002177
0.002295
0.003656
0.004190
0.003624
0.002320
0.002584
0.002795
0.002925
0.002778
0.002436
0.002562
0.002715
0.002494
0.002603
0.002506
0.002684
0.003029
0.002932
0.003132
0.002779
0.002596
0.002243
0.002727
0.002268
0.002330
0.002699
0.001350
0.001306
0.001300
0.001481
0.001332
0.001476
0.001468
0.001249
0.001398
0.001435
0.001294
0.001134
0.001411
0.001087
0.003937
0.003540
0.003481
0.001875
0.001872
0.003409
0.002896
0.002908
0.001965
0.002256
0.003137
0.003228
0.001973
0.002921
0.003264
0.002509
0.004453
0.002815
0.002640
0.003056
0.003031
0.002084
0.002525
0.002796
0.002770
0.002771
0.002764
0.004316
0.003916
0.004553
0.004503
0.003466
0.002884
0.003315
0.003184
0.022040
0.022168
0.022361
0.021845
0.025884
0.016797
0.015449
0.017403
0.018454
0.015981
0.019292
0.011667
0.015791
0.012341
0.012263
0.013256
0.010851
0.012630
0.011140
0.011157
0.011226
0.010825
0.011153
0.024987
0.023169
0.021599
0.019948
0.019331
0.013642
0.014173
0.014414
0.012770
0.008187
0.010334
0.008694
0.009880
0.007700
0.008536
0.009696
0.020898
0.016647
0.017672
0.018126
0.019176
0.019515
0.020702
0.017445
0.017567
0.018198
0.020015
0.025092
0.019419
0.017767
0.018318
0.021581
0.006719
0.006735
0.007006
0.006110
0.009685
0.005646
0.005650
0.011092
0.008754
0.005335
0.005317
0.002828
0.003472
0.003467
0.006006
0.003690
0.002625
0.001113
0.001148
0.000854
0.001187
0.000729
0.001428
0.001519
0.001558
0.001337
0.001451
0.001390
0.001384
0.001493
0.001365
0.001348
0.001376
0.001321
0.001451
0.001330
0.001681
0.001503
0.001429
0.001538
0.001569
0.001534
0.000909
0.000911
0.000768
0.001126
0.000892
0.000777
0.001212
0.001156
0.001101
0.000812
0.000788
0.000900
0.000718
0.000948
0.000992
0.000901
0.001151
0.001058
0.000932
0.001481
0.002348
0.002297
0.002452
0.002141
0.002390
0.059352
0.001475
0.010741
0.050958
0.054013
0.064049
0.063237
0.068473
0.072441
0.068463
0.061844
0.062333
0.065173
0.054042
0.061754
0.048988
0.048474
0.051799
0.053741
0.072256
0.059845
0.057718
0.061026
0.057219
0.078638
0.050606
0.051821
0.060585
0.061678
0.049313
0.052327
0.049395
0.050159
0.057930
0.063967
0.056408
0.056214
0.054848
0.049533
0.061059
0.048385
0.056945
0.056896
0.056216
0.049721
0.054369
0.049986
0.001290
0.001406
0.001287
0.001699
0.001686
0.001215
0.001277
0.001567
0.001616
0.000795
0.000778
0.000780
0.000928
0.000949
0.000849
0.000956
0.000769
0.000977
0.001012
0.000974
0.000969
0.000928
0.001307
0.001353
0.001392
0.001750
0.001299
0.001912
0.002031
0.002180
0.001758
0.001130
0.001107
0.001170
0.001152
0.001280
0.001605
0.001191
0.001047
0.001724
0.001663
0.001653
0.003099
0.002021
0.002207
0.001982
0.002047
0.002136
0.002188
0.002231
0.002593
0.002216
0.002061
0.049034
0.000858
0.028771
0.030696
0.028559
0.028776
0.021531
0.011863
0.027891
0.019179
0.020043
0.021573
0.014976
0.012936
0.014430
0.019486
0.015247
0.016766
0.016515
0.013885
0.012466
0.012597
0.019731
0.019491
0.020022
0.013104
0.012717
0.008459
0.027820
0.023018
0.023893
0.023131
0.025996
0.021953
0.025109
0.022070
0.026624
0.024208
0.028631
0.029739
0.025005
0.025589
0.025607
0.030599
0.013699
0.014663
0.012852
0.015256
0.010249
0.011323
0.051483
0.132805
0.052851
0.141513
0.055955
0.125920
0.063295
0.143528
0.060402
0.120360
0.114823
0.052239
0.126310
0.051826
0.125375
0.052305
0.124577
0.061432
0.135572
0.063275
0.167584
0.066230
0.150223
0.066017
0.135222
0.073868
0.137632
0.063764
0.140929
0.065056
0.146389
0.065038
0.134627
0.056397
0.135793
0.051747
0.119037
0.051179
0.120612
0.054308
0.123052
0.063719
0.150848
0.065722
0.133124
0.060665
0.157817
0.065990
0.140388
0.011219
0.142847
0.128884
0.144127
0.130303
0.118745
0.142420
0.137400
0.124279
0.120789
0.117455
0.125510
0.125781
0.010830
0.011074
0.001241
0.001124
0.001224
0.055214
0.132589
0.061985
0.114251
0.051676
0.116566
0.052910
0.117949
0.011429
0.012210
0.012145
0.011123
0.001677
0.001171
0.001141
0.001124
0.000939
0.001326
