2.539238
2.237142
1.919706
1.634369
1.329446
1.013317
0.690481
0.521619
0.515699
0.521828
0.525758
0.516795
0.513739
0.523991
0.515797
0.534110
0.530765
0.515802
0.547406
0.513778
0.513568
0.523812
0.535466
0.647053
0.522729
0.518881
0.515867
0.543779
0.554576
0.520505
0.529256
0.525016
0.525266
0.522965
0.528820
0.521590
0.509656
0.522108
0.522110
0.893857
2.297068
2.827316
4.159933
4.257139
4.723368
4.876302
5.340048
11.142944
3.949503
4.054493
4.542995
4.465565
4.875392
4.875215
4.739207
4.499365
4.325285
4.181155
4.050840
3.863196
3.679393
3.546785
3.287353
3.011847
2.731744
2.459308
2.201083
1.932658
1.651537
1.338857
1.062880
0.905679
0.761382
0.629956
0.634255
0.617585
0.595709
0.607340
0.601042
0.597897
0.582940
0.594698
0.610029
0.596315
0.600391
0.616341
0.604618
0.612635
0.602792
0.637287
0.617173
0.623428
0.611635
0.604509
0.603317
0.610605
0.616306
0.646580
0.601458
0.610716
0.599363
0.605513
0.613090
0.620846
0.601758
0.603659
0.606274
0.677823
0.606592
0.609994
0.627925
0.607378
0.608325
0.623159
0.602087
0.584913
0.586733
0.587409
0.594926
0.614312
0.627132
0.660688
0.683012
0.746539
0.800629
0.841501
0.597934
0.564932
0.579761
0.575887
0.572553
0.703478
0.585400
0.597540
0.622533
0.603384
0.558352
0.543593
0.529787
0.543298
0.510212
0.510946
0.508028
0.520590
0.513155
0.531406
0.502564
0.509180
0.521121
0.527428
0.522219
0.510937
0.625461
0.525001
0.521933
0.514991
0.529830
0.498688
0.503979
0.513858
0.508673
0.500737
0.507143
0.509864
0.503251
0.552128
0.509654
0.517945
0.508294
0.536424
0.512697
0.546786
0.508823
0.506300
0.510916
0.506349
0.502568
0.497810
0.518503
0.512289
0.498011
0.507680
0.528580
0.515760
0.526935
0.521840
0.503947
0.510575
0.512582
0.526346
0.524209
0.509300
0.535114
0.497144
0.509115
0.510430
0.515792
0.509351
0.501817
0.512758
0.524845
0.525940
0.503431
0.508684
0.510179
0.503922
0.563858
0.519557
0.519110
0.503902
0.515504
0.529925
0.532917
0.527961
0.508348
0.509557
0.546883
0.506183
0.592443
0.593974
0.600059
0.603641
0.556661
0.557825
0.555689
0.571469
0.579388
0.563803
0.566000
0.507171
0.535601
0.527193
0.513540
0.516431
0.522470
0.523342
0.548288
0.522294
0.511970
0.518372
0.517847
0.512094
0.508960
0.658979
0.524194
0.508365
0.525093
0.514177
0.508982
0.524978
0.518283
0.529146
0.534787
0.513619
0.516110
0.514320
0.509497
0.508435
0.508893
0.520775
0.516221
0.560812
0.527275
0.511535
0.495158
0.527120
0.528036
0.525751
0.511700
0.502397
0.514236
0.505876
0.502299
0.501171
0.505639
0.530602
0.509533
0.509211
0.515263
0.527631
0.516666
0.528381
0.523558
0.512261
0.503062
0.517155
0.515198
0.506508
0.501829
0.512749
0.511252
0.536148
0.532150
0.517149
0.525211
0.503876
0.524221
0.523092
0.517301
0.530892
0.499160
0.506018
0.515100
0.506841
0.511507
0.528748
0.566416
0.838135
2.220172
2.741446
3.036787
2.710122
2.388419
2.062533
1.738453
1.412691
1.079726
0.739551
0.567816
0.522008
0.549508
0.525508
0.517084
0.519889
0.521250
0.514118
0.522155
0.516262
0.530003
0.521163
0.529652
0.520179
0.522890
0.560725
0.514512
0.508904
0.515380
0.524802
0.514988
0.509298
0.520017
0.516834
0.524234
0.495129
0.516214
0.521699
0.535906
0.565667
0.521893
0.519322
0.508862
0.512955
0.511919
0.525243
0.532898
0.515616
0.586234
0.517357
0.639271
0.520267
0.535579
0.516157
0.510178
0.528758
0.525226
0.522740
0.522002
0.529428
0.585554
0.590052
0.577447
0.578499
0.572190
0.570614
0.570644
0.615993
0.574671
0.559891
1.050492
1.463178
1.758117
1.879454
1.892229
1.574916
1.578672
1.263979
1.340561
0.984674
0.967955
1.065536
1.055508
0.999917
0.984328
0.936176
0.841319
0.520107
0.724274
0.705767
0.714500
0.538921
0.714222
0.719560
0.717616
0.717302
0.725193
0.695963
0.704388
0.718257
0.709851
0.802599
0.785735
0.909996
1.064194
1.017880
0.948282
1.003486
0.641999
0.524166
0.516749
0.548820
0.504326
0.509312
0.520791
0.520349
0.498404
0.528916
0.609788
0.507542
0.498649
0.516681
0.569601
0.776601
0.898766
0.873807
0.553500
0.509649
0.520263
0.509638
0.505500
0.519608
0.531826
0.511698
0.513833
0.523624
0.524034
0.520115
0.516954
0.505106
0.507732
0.511793
0.517260
0.506753
0.533447
0.512134
0.519441
0.543188
0.521711
0.514644
0.500667
0.536485
0.525104
0.537494
0.569056
0.538136
0.538569
0.553598
0.517215
0.505070
0.508323
0.506868
0.503385
0.519724
0.568801
0.532975
0.513923
0.515952
0.513797
0.519157
0.538173
0.515183
0.517204
0.523102
0.523702
0.504861
0.576712
0.727184
0.701373
0.773514
0.740919
0.744269
0.760386
0.766233
0.747285
0.719605
0.737005
0.717300
0.704388
0.719634
0.699673
0.718800
