0.032641
0.028738
0.027519
0.070803
0.029595
0.013413
0.013705
0.013905
0.013456
0.013797
0.016354
0.013780
0.014258
0.016280
0.016366
0.015535
0.014644
0.014511
0.014112
0.013427
0.013544
0.014252
0.014134
0.014193
0.014739
0.017233
0.016103
0.022887
0.015501
0.014540
0.015847
0.015113
0.015155
0.013253
0.012944
0.013101
0.013271
0.012811
0.013439
0.198752
0.442191
0.210597
0.466795
0.243783
0.480054
0.277753
0.469378
0.438939
0.443426
0.231008
0.496883
0.180435
0.419002
0.234840
0.101343
0.100798
0.101101
0.103226
0.101086
0.103603
0.106400
0.101128
0.095443
0.063080
0.064064
0.066237
0.072133
0.071061
0.068337
0.068887
0.067642
0.089582
0.087984
0.093263
0.097841
0.094000
0.087613
0.094735
0.088545
0.086717
0.080762
0.084140
0.083401
0.084341
0.090099
0.089468
0.092809
0.091715
0.092877
0.088954
0.089987
0.112245
0.093406
0.089876
0.091994
0.088728
0.086593
0.104395
0.092896
0.090781
0.096241
0.095579
0.098821
0.098275
0.092298
0.091691
0.090004
0.097493
0.094501
0.102914
0.100473
0.092569
0.093870
0.093473
0.082981
0.084623
0.077393
0.081073
0.095567
0.103216
0.102964
0.099739
0.099035
0.099969
0.102722
0.096928
0.060314
0.052207
0.053980
0.053314
0.054036
0.100195
0.052253
0.080208
0.084519
0.083275
0.040168
0.037982
0.008920
0.007213
0.007446
0.008595
0.008138
0.008125
0.007656
0.007975
0.007703
0.009581
0.009038
0.008527
0.008992
0.007853
0.096909
0.007398
0.007448
0.006066
0.007678
0.007416
0.005681
0.006343
0.008009
0.007352
0.008268
0.007757
0.006097
0.007808
0.004420
0.005247
0.004631
0.004672
0.004927
0.006469
0.005595
0.005518
0.005851
0.007308
0.005025
0.004816
0.004618
0.002242
0.004362
0.005633
0.014003
0.010170
0.012032
0.009728
0.009784
0.010301
0.010043
0.010835
0.010126
0.011149
0.007001
0.006765
0.007271
0.007023
0.007137
0.006195
0.005666
0.006434
0.007187
0.008152
0.007874
0.007356
0.007949
0.008714
0.008603
0.007559
0.007282
0.007669
0.009640
0.010334
0.010549
0.008226
0.009909
0.009809
0.009944
0.009063
0.087679
0.085003
0.086169
0.092620
0.042590
0.046288
0.049086
0.046661
0.044380
0.041487
0.046321
0.010654
0.011456
0.012948
0.010395
0.011074
0.010185
0.009340
0.008323
0.010117
0.010992
0.010732
0.010138
0.009290
0.010155
0.010179
0.009104
0.008874
0.011424
0.008540
0.008551
0.010129
0.009675
0.009738
0.015535
0.009730
0.008597
0.008459
0.009191
0.007416
0.009266
0.010450
0.011719
0.011861
0.009770
0.010509
0.007041
0.009115
0.007061
0.007198
0.005316
0.005448
0.005537
0.006332
0.005985
0.006044
0.006990
0.005321
0.010474
0.010820
0.010581
0.011411
0.009760
0.009518
0.011070
0.010382
0.010109
0.009964
0.012741
0.006459
0.006904
0.007107
0.006278
0.006159
0.009531
0.013265
0.012841
0.005094
0.005190
0.006112
0.005315
0.005602
0.005647
0.005273
0.005114
0.005781
0.010003
0.005572
0.011342
0.205199
0.433860
0.215379
0.190773
0.008077
0.009179
0.011795
0.011846
0.010871
0.005106
0.007493
0.024255
0.011534
0.016232
0.014377
0.015714
0.015086
0.015726
0.014676
0.013986
0.014710
0.017299
0.016217
0.012192
0.011225
0.011864
0.009826
0.009682
0.012022
0.012756
0.012300
0.010418
0.010132
0.011482
0.011591
0.008990
0.007939
0.013263
0.007824
0.008055
0.011399
0.011458
0.012320
0.011659
0.011905
0.012397
0.012136
0.014206
0.012961
0.012449
0.012594
0.051401
0.012086
0.012913
0.013940
0.012423
0.011443
0.012032
0.011845
0.011221
0.012212
0.073710
0.075886
0.066532
0.058164
0.057313
0.057569
0.063067
0.083752
0.065271
0.054707
0.216382
0.197345
0.192378
0.248776
0.231633
0.015732
0.224417
0.017701
0.238375
0.016638
0.230097
0.210700
0.236730
0.177195
0.200612
0.184673
0.203229
0.015923
0.217309
0.196663
0.198446
0.014092
0.200906
0.203980
0.206192
0.194588
0.209936
0.185196
0.200680
0.199353
0.203616
0.243902
0.261878
0.264531
0.285683
0.172856
0.176931
0.290421
0.009181
0.008124
0.007567
0.049743
0.009635
0.008100
0.008081
0.007991
0.008788
0.008733
0.098021
0.005474
0.006266
0.005505
0.030063
0.258833
0.253779
0.250040
0.006578
0.006690
0.006339
0.009834
0.007537
0.011915
0.009815
0.011615
0.012260
0.012424
0.013060
0.011894
0.009373
0.008364
0.008722
0.020582
0.008035
0.006300
0.011021
0.011061
0.011136
0.050904
0.008799
0.010176
0.010846
0.009878
0.008926
0.010533
0.011124
0.010823
0.011940
0.009518
0.011106
0.007853
0.009399
0.008246
0.012317
0.011825
0.011944
0.010936
0.011851
0.011950
0.011763
0.012360
0.009665
0.010181
0.009453
0.014064
0.008535
0.008318
0.070186
0.212285
0.199273
0.237731
0.216560
0.230386
0.228302
0.248250
0.217815
0.205319
0.210383
0.188726
0.198442
0.197705
0.194338
0.198413
