0.037137
0.033109
0.031919
0.075652
0.033850
0.017115
0.017326
0.017693
0.017192
0.017533
0.021209
0.019013
0.018049
0.020682
0.020504
0.020254
0.019144
0.018725
0.018450
0.017325
0.017615
0.019030
0.017899
0.017993
0.019082
0.023054
0.020290
0.027966
0.020787
0.018808
0.019946
0.019463
0.019411
0.017069
0.016616
0.016899
0.017090
0.016586
0.017232
0.203215
0.446805
0.215141
0.471532
0.248621
0.484669
0.282397
0.474035
0.443467
0.447952
0.235599
0.501506
0.185524
0.423643
0.239724
0.106094
0.105440
0.105626
0.107761
0.105717
0.107997
0.111143
0.105769
0.100049
0.067450
0.068402
0.071098
0.076749
0.075681
0.072972
0.073268
0.072415
0.094236
0.092618
0.098326
0.102492
0.098700
0.092211
0.099553
0.093529
0.091171
0.085540
0.088641
0.088281
0.089172
0.094705
0.094534
0.097335
0.096801
0.097667
0.093914
0.095079
0.116969
0.098219
0.094525
0.096707
0.093265
0.091415
0.109536
0.098717
0.095358
0.101432
0.100185
0.103533
0.103151
0.096741
0.096333
0.094468
0.102142
0.099145
0.107533
0.111221
0.097598
0.098737
0.098087
0.087595
0.089742
0.081936
0.086226
0.100191
0.108321
0.107360
0.104470
0.103672
0.104504
0.107500
0.101438
0.065030
0.062513
0.058915
0.057891
0.058486
0.105023
0.056957
0.084825
0.088837
0.088118
0.044802
0.042240
0.012696
0.010622
0.009334
0.012340
0.010520
0.011752
0.011448
0.011452
0.009647
0.013221
0.012626
0.012137
0.012772
0.011061
0.101668
0.008431
0.010700
0.007580
0.010896
0.011340
0.006696
0.008474
0.012064
0.008343
0.011466
0.011626
0.007111
0.011633
0.005915
0.006424
0.007334
0.005849
0.006969
0.007525
0.007465
0.007904
0.007380
0.008360
0.006555
0.008939
0.007170
0.006165
0.005881
0.006680
0.018970
0.013911
0.015875
0.013462
0.013213
0.013880
0.014714
0.014623
0.014999
0.014995
0.010223
0.008712
0.009173
0.008950
0.008150
0.008001
0.008330
0.009419
0.010462
0.011912
0.011476
0.008394
0.011588
0.012373
0.012241
0.008538
0.010891
0.008722
0.013289
0.014231
0.014275
0.013051
0.013570
0.014079
0.013744
0.012723
0.092299
0.089769
0.090645
0.097143
0.047406
0.050582
0.053648
0.051439
0.049364
0.047492
0.051405
0.014271
0.015354
0.016783
0.014107
0.014495
0.014042
0.013011
0.012415
0.013736
0.014899
0.015727
0.013771
0.013462
0.013895
0.014004
0.012910
0.012789
0.014981
0.012143
0.012397
0.014651
0.013609
0.014093
0.020302
0.013330
0.012144
0.012388
0.013495
0.008431
0.013129
0.014069
0.015284
0.015684
0.013384
0.014316
0.008868
0.012852
0.009040
0.009129
0.007368
0.007034
0.006556
0.009737
0.007602
0.008073
0.011382
0.006845
0.014436
0.015363
0.014301
0.015191
0.013506
0.014240
0.015034
0.014052
0.014265
0.014042
0.016361
0.008013
0.010029
0.008124
0.007370
0.007183
0.013515
0.019168
0.017465
0.006977
0.008681
0.007148
0.009034
0.007520
0.006655
0.007714
0.006612
0.008566
0.013636
0.009352
0.016217
0.209810
0.438536
0.219986
0.195325
0.011352
0.012879
0.015419
0.015686
0.014663
0.008178
0.009440
0.027354
0.015751
0.020521
0.018372
0.019834
0.019224
0.020091
0.018876
0.017747
0.018841
0.021675
0.020337
0.015835
0.015317
0.015590
0.013571
0.013370
0.016616
0.016648
0.016213
0.014100
0.013957
0.015535
0.015611
0.012754
0.011279
0.017509
0.011681
0.009173
0.016260
0.015117
0.016438
0.015385
0.015583
0.016238
0.015934
0.017992
0.016875
0.016159
0.016414
0.056035
0.015922
0.016828
0.017699
0.016551
0.015376
0.016174
0.015558
0.015253
0.015871
0.078494
0.080400
0.071155
0.062679
0.061913
0.062133
0.067864
0.089530
0.069770
0.059034
0.220880
0.201839
0.196940
0.254496
0.236202
0.020198
0.229061
0.022576
0.243243
0.021019
0.234808
0.215470
0.241469
0.181879
0.205347
0.191827
0.207948
0.019974
0.222135
0.201289
0.203005
0.017946
0.205601
0.208647
0.210653
0.199154
0.214994
0.189687
0.205491
0.203909
0.208177
0.248739
0.266486
0.269677
0.290613
0.177756
0.181429
0.294957
0.012789
0.011634
0.008599
0.054586
0.013378
0.011793
0.011624
0.011173
0.012206
0.010089
0.102546
0.007915
0.007451
0.007090
0.034421
0.263453
0.258432
0.254719
0.008198
0.008653
0.010068
0.013417
0.011148
0.015459
0.013456
0.015251
0.015945
0.016629
0.016875
0.015801
0.013150
0.009980
0.012590
0.022673
0.011574
0.008191
0.014839
0.014741
0.014830
0.055391
0.012825
0.013842
0.014505
0.013380
0.012664
0.015139
0.015015
0.014559
0.016377
0.013336
0.014729
0.011422
0.013379
0.012413
0.016182
0.015822
0.015698
0.014561
0.015524
0.015720
0.015510
0.016170
0.013333
0.013911
0.013226
0.017884
0.012134
0.011954
0.075848
0.217591
0.203882
0.242229
0.221218
0.235009
0.232836
0.252816
0.222532
0.209948
0.215572
0.193363
0.203072
0.203095
0.198945
0.203170
