0.004199
0.004112
0.004121
0.004545
0.003994
0.003543
0.003485
0.003521
0.003612
0.003601
0.004522
0.005117
0.003637
0.004190
0.003948
0.004412
0.004343
0.004009
0.004141
0.003657
0.003762
0.004280
0.003511
0.003653
0.004084
0.005540
0.003950
0.004650
0.005105
0.003958
0.003766
0.004098
0.004110
0.003640
0.003510
0.003661
0.003470
0.003573
0.003558
0.004157
0.004298
0.004190
0.004422
0.004535
0.004303
0.004337
0.004336
0.004217
0.004208
0.004285
0.004314
0.004782
0.004333
0.004556
0.004447
0.004347
0.004215
0.004220
0.004338
0.004084
0.004429
0.004347
0.004310
0.004072
0.004026
0.004537
0.004309
0.004322
0.004344
0.004098
0.004474
0.004351
0.004343
0.004746
0.004341
0.004397
0.004282
0.004446
0.004671
0.004154
0.004471
0.004209
0.004576
0.004521
0.004305
0.004750
0.004218
0.004554
0.004443
0.004662
0.004791
0.004415
0.004518
0.004353
0.004410
0.004233
0.004491
0.004832
0.005506
0.004275
0.004430
0.004292
0.004407
0.004575
0.004145
0.004310
0.004174
0.004341
0.004345
0.004308
0.010440
0.004746
0.004550
0.004298
0.004315
0.004812
0.004231
0.004817
0.004318
0.004772
0.004073
0.004406
0.004326
0.004234
0.004449
0.004204
0.004415
0.010009
0.004641
0.004298
0.004152
0.004511
0.004413
0.004319
0.004013
0.004535
0.004349
0.004012
0.003633
0.003307
0.001783
0.003595
0.002207
0.003485
0.003573
0.003377
0.001815
0.003527
0.003496
0.003515
0.003641
0.003104
0.004434
0.000928
0.003090
0.001367
0.003104
0.003825
0.000903
0.001871
0.003755
0.000900
0.003086
0.003623
0.000921
0.003638
0.001387
0.000993
0.002608
0.000936
0.001952
0.000935
0.001780
0.002295
0.001436
0.000906
0.001420
0.003901
0.002451
0.003826
0.000927
0.000944
0.004547
0.003622
0.003540
0.003633
0.003312
0.003481
0.004558
0.003644
0.004780
0.003518
0.003126
0.001772
0.001801
0.001824
0.000912
0.001709
0.001916
0.002737
0.003183
0.003646
0.003504
0.000938
0.003549
0.003508
0.003503
0.000861
0.003289
0.000922
0.003494
0.003789
0.003551
0.004726
0.003540
0.004092
0.003595
0.003558
0.004320
0.004458
0.004169
0.004160
0.004471
0.003968
0.004264
0.004443
0.004683
0.005501
0.004781
0.003505
0.003771
0.003612
0.003548
0.003171
0.003615
0.003542
0.003984
0.003483
0.003643
0.004782
0.003523
0.003526
0.003597
0.003636
0.003557
0.003811
0.003438
0.003466
0.003571
0.004396
0.003670
0.004156
0.004408
0.003499
0.003415
0.003829
0.004135
0.000921
0.003585
0.003497
0.003453
0.003696
0.003507
0.003539
0.001699
0.003426
0.001862
0.001827
0.001948
0.001440
0.000887
0.003165
0.001522
0.001930
0.004279
0.001423
0.003837
0.004393
0.003538
0.003590
0.003588
0.004125
0.003835
0.003475
0.004044
0.003977
0.003489
0.001457
0.002985
0.000906
0.000960
0.000935
0.003699
0.005542
0.004513
0.001788
0.002712
0.000914
0.003625
0.001828
0.000915
0.002340
0.001400
0.002686
0.003492
0.003613
0.004767
0.004295
0.004366
0.004293
0.004249
0.003166
0.003588
0.003481
0.003713
0.003692
0.002986
0.001850
0.002773
0.004083
0.004105
0.003885
0.003980
0.003981
0.004215
0.003999
0.003605
0.003958
0.004032
0.003881
0.003461
0.003977
0.003491
0.003516
0.003524
0.004300
0.003692
0.003643
0.003543
0.003619
0.003950
0.003773
0.003533
0.003249
0.003938
0.003598
0.000928
0.004647
0.003540
0.003877
0.003622
0.003546
0.003730
0.003542
0.003582
0.003677
0.003582
0.003621
0.004343
0.003581
0.003658
0.003521
0.004012
0.003690
0.003869
0.003578
0.003894
0.003543
0.004463
0.004134
0.004318
0.004211
0.004300
0.004276
0.004508
0.005464
0.004122
0.003996
0.004199
0.004185
0.004249
0.005407
0.004260
0.004363
0.004307
0.004674
0.004557
0.004124
0.004398
0.004368
0.004427
0.004373
0.004428
0.006807
0.004413
0.003912
0.004432
0.004316
0.004252
0.003617
0.004390
0.004352
0.004155
0.004209
0.004638
0.004196
0.004491
0.004254
0.004257
0.004526
0.004299
0.004848
0.004448
0.004584
0.004177
0.004232
0.003500
0.003368
0.000928
0.004489
0.003483
0.003535
0.003443
0.003077
0.003294
0.001060
0.004220
0.002350
0.000951
0.000916
0.004132
0.004312
0.004323
0.004366
0.001379
0.001801
0.003636
0.003459
0.003432
0.003416
0.003526
0.003475
0.003518
0.004045
0.003552
0.003793
0.003527
0.001380
0.003625
0.001755
0.003436
0.001800
0.003701
0.003476
0.003521
0.004228
0.003846
0.003526
0.003548
0.003360
0.003585
0.004354
0.003690
0.003563
0.004297
0.003721
0.003506
0.003427
0.003794
0.003799
0.003714
0.003875
0.003535
0.003499
0.003529
0.003569
0.003591
0.003687
0.003565
0.003592
0.003648
0.003641
0.003490
0.003334
0.005367
0.004996
0.004299
0.004169
0.004346
0.004316
0.004228
0.004259
0.004405
0.004319
0.004839
0.004325
0.004318
0.005088
0.004299
0.004427
