0.342130
0.340986
0.349392
0.347918
0.339784
0.335268
0.354079
0.349766
0.349918
0.352775
0.356511
0.349708
0.344586
0.348366
0.345007
0.359876
0.356836
0.347664
0.365780
0.344694
0.343886
0.354417
0.365385
0.350360
0.352772
0.346578
0.344072
0.356941
0.373765
0.350414
0.352044
0.348209
0.351292
0.345675
0.361169
0.354290
0.344669
0.354500
0.348908
0.348526
0.338022
0.334555
0.365565
0.338316
0.345139
0.339814
0.338638
0.221611
0.338618
0.341101
0.339130
0.342043
0.338586
0.341661
0.344427
0.372228
0.349528
0.338789
0.351366
0.416711
0.340731
0.349956
0.340630
0.344894
0.338331
0.336684
0.354070
0.344221
0.364600
0.339619
0.352927
0.339573
0.335562
0.354482
0.378342
0.371765
0.356802
0.354812
0.357735
0.352850
0.347339
0.351216
0.366731
0.356286
0.354162
0.355788
0.356872
0.352922
0.356823
0.384243
0.368931
0.351042
0.363820
0.358826
0.352053
0.360861
0.348868
0.380357
0.354041
0.361656
0.345906
0.352711
0.358223
0.356477
0.355521
0.351729
0.360399
0.416216
0.357086
0.350626
0.366984
0.356708
0.349888
0.358236
0.352989
0.347919
0.345865
0.352000
0.349633
0.355768
0.346969
0.360131
0.342734
0.341925
0.346132
0.349042
0.342616
0.354796
0.360908
0.362445
0.364914
0.362234
0.378148
0.357712
0.377727
0.365093
0.350296
0.353385
0.364955
0.381144
0.349850
0.349629
0.347369
0.358161
0.352790
0.373692
0.344133
0.343896
0.352025
0.365683
0.359849
0.345891
0.354985
0.361932
0.354435
0.356008
0.368895
0.336588
0.345312
0.352643
0.345644
0.341699
0.346345
0.342500
0.347963
0.379618
0.354777
0.359624
0.352715
0.380374
0.347829
0.375004
0.350158
0.350892
0.354336
0.345183
0.345359
0.338905
0.346368
0.353297
0.339025
0.349372
0.355252
0.352278
0.359908
0.354585
0.341684
0.344687
0.342598
0.354092
0.359847
0.346673
0.372475
0.339917
0.347353
0.351345
0.357974
0.353838
0.336675
0.344145
0.360073
0.362780
0.344735
0.348928
0.346681
0.342815
0.401978
0.356055
0.350814
0.342814
0.347078
0.360735
0.363355
0.363300
0.345823
0.347803
0.356634
0.344660
0.353148
0.354161
0.357742
0.346696
0.359103
0.355474
0.345211
0.370084
0.358225
0.366506
0.360125
0.342452
0.357542
0.356092
0.348485
0.351293
0.343454
0.354970
0.385858
0.362324
0.343367
0.352296
0.355512
0.351020
0.345217
0.351041
0.361986
0.342228
0.353036
0.352310
0.347924
0.359235
0.353977
0.356180
0.358311
0.350240
0.352764
0.352685
0.347517
0.348829
0.343995
0.353906
0.352770
0.350839
0.354991
0.347796
0.338644
0.344592
0.358026
0.364161
0.353861
0.342984
0.351520
0.347359
0.346030
0.343281
0.336389
0.370957
0.344475
0.341035
0.351215
0.354241
0.347024
0.359955
0.357927
0.348166
0.341385
0.350293
0.342543
0.343261
0.346439
0.354696
0.353244
0.370209
0.359682
0.347100
0.356514
0.350013
0.363850
0.362990
0.354743
0.360720
0.341819
0.346214
0.345410
0.349398
0.346890
0.361681
0.393093
0.351755
0.344632
0.337197
0.338666
0.342444
0.335635
0.345969
0.338489
0.342732
0.352087
0.337222
0.343246
0.357738
0.370088
0.350611
0.346946
0.350926
0.351057
0.345836
0.352668
0.347543
0.357452
0.350571
0.364692
0.349073
0.358960
0.379945
0.350654
0.345715
0.346376
0.359569
0.348548
0.345945
0.347758
0.346536
0.356528
0.329039
0.347939
0.347852
0.377170
0.390491
0.352938
0.351101
0.346412
0.348977
0.347607
0.357946
0.353836
0.345716
0.416895
0.349840
0.427658
0.352921
0.369143
0.347644
0.342183
0.354357
0.359836
0.357379
0.352204
0.361156
0.359128
0.361850
0.355183
0.359907
0.356147
0.356267
0.352817
0.371804
0.358274
0.351173
0.364531
0.335243
0.338840
0.337556
0.344405
0.349662
0.332857
0.354913
0.364749
0.352879
0.330346
0.333465
0.343495
0.332409
0.351399
0.338118
0.418813
0.352101
0.353212
0.354825
0.358405
0.369896
0.354016
0.363772
0.358144
0.368929
0.360656
0.357793
0.347182
0.363044
0.353510
0.348856
0.359557
0.352848
0.330845
0.343821
0.347686
0.370738
0.337412
0.363095
0.356343
0.344923
0.342128
0.345557
0.352113
0.362180
0.336909
0.364048
0.357754
0.350674
0.340852
0.349493
0.380179
0.365665
0.358176
0.364561
0.382669
0.349933
0.358794
0.348925
0.342548
0.353380
0.358145
0.351744
0.349950
0.354030
0.358723
0.354731
0.351685
0.349635
0.339395
0.340495
0.360447
0.347430
0.355628
0.348052
0.353899
0.339769
0.352933
0.351109
0.338821
0.367894
0.360214
0.360954
0.397646
0.364606
0.372221
0.383475
0.350014
0.344798
0.339533
0.346733
0.339559
0.355199
0.399115
0.359025
0.347485
0.346997
0.346814
0.353102
0.362286
0.348740
0.344825
0.354931
0.358346
0.341888
0.351095
0.357863
0.347762
0.348987
0.342211
0.349118
0.367055
0.354143
0.362398
0.359986
0.366732
0.363199
0.350310
0.363836
0.352221
0.361679
