2.219050
3.552461
3.847339
4.148289
4.423545
4.746863
5.083158
5.417012
5.566912
5.552680
5.519356
5.546271
5.616312
5.511989
5.548519
5.588756
5.523156
5.565172
5.570893
5.518811
5.545298
5.487317
5.556311
5.545921
5.420990
5.591423
5.590513
5.507599
5.421757
5.459521
5.495097
5.572118
5.615408
5.533666
5.571168
5.595049
5.543528
5.579149
5.514076
5.571579
5.195041
3.745665
3.231916
1.939693
1.704884
1.415326
1.250768
5.845403
2.880938
2.141173
2.025135
1.527266
1.617562
1.247075
1.220368
1.308634
1.543918
1.720999
1.872445
2.056777
2.129598
2.378331
2.405970
2.807482
3.056173
3.354089
3.599847
3.859496
4.123155
4.437962
4.704700
5.032423
5.149163
5.328188
5.446421
5.488871
5.483911
5.481708
5.482944
5.494893
5.497774
5.488622
5.479909
5.460085
5.314709
5.403140
5.480648
5.478433
5.443061
5.388915
5.446089
5.410876
5.422109
5.409747
5.438306
5.496465
5.385710
5.460217
5.514327
5.524074
5.427733
5.457214
5.425775
5.451129
5.461686
5.526411
5.440431
5.449898
5.474760
5.510851
5.458942
5.457615
5.484440
5.488167
5.451889
5.496189
5.541604
5.419749
5.483852
5.444942
5.478253
5.437121
5.449262
5.394252
5.318752
5.175946
5.288755
5.475833
5.472494
5.533898
5.493386
5.483006
5.399919
5.555041
5.487584
5.525004
5.513637
5.525492
5.541143
5.570475
5.566152
5.527855
5.488399
5.553967
5.545426
5.570872
5.561873
5.573356
5.571882
5.481295
5.605823
5.494636
5.571560
5.434515
5.552708
5.534425
5.577560
5.560784
5.576741
5.503320
5.556375
5.571765
5.605539
5.602730
5.562711
5.503290
5.552690
5.614438
5.559599
5.603747
5.298738
5.515482
5.601720
5.607583
5.557835
5.530888
5.594701
5.516466
5.553480
5.589472
5.590481
5.590809
5.559196
5.560577
5.530165
5.537240
5.574491
5.573928
5.571427
5.587935
5.551380
5.584111
5.595065
5.581331
5.564234
5.573911
5.564355
5.516780
5.594914
5.496687
5.540021
5.546040
5.583627
5.552793
5.614086
5.567101
5.671058
5.612692
5.568268
5.600088
5.579715
5.558275
5.524213
5.566742
5.498373
5.575310
5.472765
5.463087
5.560997
5.458760
5.483958
5.508807
5.418279
5.506405
5.556927
5.521501
5.566864
5.501210
5.480987
5.468852
5.554176
5.540818
5.582352
5.589578
5.530900
5.573604
5.562772
5.559904
5.631923
5.531070
5.506525
5.555777
5.586433
5.624165
5.411201
5.569283
5.584334
5.577585
5.479862
5.594906
5.559868
5.584174
5.607461
5.530432
5.619159
5.595014
5.533795
5.508013
5.559344
5.622103
5.583774
5.567439
5.553498
5.570296
5.557224
5.474093
5.576481
5.497375
5.556272
5.567678
5.614096
5.572310
5.616463
5.531154
5.590760
5.570494
5.524512
5.518228
5.603228
5.458602
5.540719
5.515799
5.577064
5.599430
5.552830
5.571532
5.608242
5.553940
5.522639
5.579815
5.594957
5.391270
5.379070
5.270259
5.553849
5.501384
5.485704
5.451803
5.586757
5.582127
5.583460
5.581187
5.612890
5.565705
5.593443
5.583967
5.589335
5.535088
5.236877
3.886406
3.369152
3.044628
3.380194
3.627108
3.968744
4.330937
4.657820
5.001545
5.252825
5.368496
5.539770
5.592551
5.565266
5.589537
5.538906
5.569582
5.603796
5.571850
5.559825
5.555376
5.613676
5.501991
5.554698
5.616321
5.597483
5.510354
5.513790
5.548697
5.586963
5.511475
5.593430
5.599695
5.537829
5.596916
5.588267
5.544645
5.526234
5.584276
5.559181
5.609456
5.535711
5.546916
5.602169
5.537606
5.538645
5.551040
5.604029
5.601077
5.522479
5.567205
5.569883
5.542035
5.617988
5.598453
5.528926
5.518765
5.526529
5.586699
5.577421
5.548078
5.520101
5.533685
5.539283
5.561519
5.488301
5.490083
5.359592
5.506934
5.542898
5.064222
4.657354
4.302191
4.184243
4.171693
4.436881
4.435288
4.698636
4.527531
5.064816
5.089202
5.003124
5.063977
5.049003
5.062185
5.218563
5.324875
5.615000
5.388366
5.387422
5.406639
5.584464
5.432603
5.461619
5.404289
5.393126
5.388087
5.433996
5.391633
5.375302
5.421716
5.201679
5.166794
5.198904
5.031268
5.121128
5.170688
5.128879
5.408513
5.601899
5.650065
5.540691
5.616041
5.642450
5.591193
5.589129
5.590408
5.582803
5.503286
5.600711
5.595538
5.625241
5.554098
5.353670
5.282148
5.284562
5.196608
5.619858
5.504035
5.607442
5.612915
5.633978
5.621076
5.536887
5.588986
5.566170
5.607305
5.632309
5.589728
5.572565
5.595759
5.527403
5.546779
5.563927
5.648627
5.635063
5.636932
5.522690
5.576908
5.577010
5.598322
5.609672
5.575213
5.579093
5.531310
5.597224
5.529193
5.551961
5.561987
5.596371
5.615145
5.637706
5.591634
5.693933
5.557093
5.576563
5.628932
5.586440
5.583185
5.592286
5.562767
5.607918
5.604927
5.601844
5.590057
5.620891
5.522569
5.423784
5.366888
5.324032
5.328385
5.275202
5.325310
5.371339
5.387899
5.380976
5.361636
5.408828
5.393038
5.359399
5.419041
