0.022265
0.032129
0.020802
0.020741
0.021030
0.021871
0.020647
0.021728
0.022369
0.021251
0.020474
0.020260
0.020206
0.021661
0.022458
0.022354
0.022933
0.021465
0.020950
0.024732
0.020393
0.020163
0.022736
0.022144
0.021503
0.020727
0.021172
0.022554
0.020874
0.019917
0.020731
0.019823
0.020755
0.020867
0.020634
0.022023
0.022990
0.022066
0.021387
0.020199
0.019873
0.021745
0.020512
0.021334
0.029670
0.021004
0.021262
0.021307
0.021787
0.020974
0.021176
0.022741
0.019892
0.021423
0.021800
0.020953
0.023383
0.020863
0.021298
0.023507
0.020927
0.020660
0.020801
0.020405
0.020492
0.019780
0.023501
0.020656
0.021018
0.020517
0.020849
0.021150
0.021475
0.025790
0.020281
0.021549
0.020237
0.020228
0.019885
0.020588
0.023661
0.021431
0.020875
0.026495
0.022081
0.020431
0.020496
0.019439
0.021858
0.020103
0.022648
0.020851
0.021461
0.022641
0.020886
0.019760
0.020353
0.020541
0.021463
0.020995
0.022458
0.022184
0.020229
0.020227
0.020531
0.022253
0.021118
0.023676
0.029148
0.020856
0.021350
0.021705
0.022321
0.022027
0.020512
0.020035
0.020793
0.020966
0.020449
0.019997
0.021035
0.023421
0.020788
0.020351
0.020832
0.021026
0.021708
0.021167
0.021284
0.022963
0.022397
0.019912
0.027651
0.021313
0.025036
0.020609
0.021187
0.020550
0.020362
0.025411
0.021774
0.021375
0.020415
0.020536
0.022071
0.033833
0.022240
0.021246
0.021403
0.020883
0.021011
0.020206
0.021827
0.020403
0.020194
0.020483
0.020381
0.019983
0.021348
0.029977
0.026357
0.020229
0.031026
0.020866
0.021385
0.021406
0.022025
0.020285
0.021393
0.021816
0.019657
0.021710
0.021271
0.020396
0.022202
0.023795
0.020938
0.019951
0.020242
0.023701
0.020388
0.019958
0.023661
0.020132
0.020480
0.021046
0.023465
0.020621
0.023193
0.021061
0.030679
0.021635
0.020364
0.022924
0.021873
0.020895
0.021324
0.021141
0.020330
0.020848
0.020845
0.020655
0.022708
0.021059
0.020974
0.022295
0.021399
0.020271
0.023005
0.021308
0.022128
0.019835
0.022355
0.023592
0.021299
0.020270
0.020119
0.021089
0.023910
0.021329
0.021513
0.021209
0.025480
0.020770
0.020811
0.021754
0.020061
0.020044
0.020660
0.021063
0.020612
0.020842
0.020187
0.022196
0.022666
0.019782
0.020517
0.023086
0.020279
0.020859
0.021416
0.021813
0.021949
0.028894
0.025821
0.022606
0.020225
0.021526
0.019849
0.023249
0.020983
0.021154
0.021657
0.020284
0.020805
0.020726
0.021435
0.020355
0.020600
0.021141
0.020056
0.020490
0.020650
0.021414
0.020137
0.021115
0.020803
0.020396
0.022905
0.020745
0.021912
0.020973
0.021617
0.020648
0.021009
0.020330
0.021279
0.020061
0.020465
0.020821
0.020466
0.020834
0.020359
0.022511
0.020562
0.021155
0.020199
0.021043
0.020126
0.020709
0.021087
0.020541
0.022459
0.023126
0.020050
0.021188
0.021914
0.022598
0.022433
0.022116
0.026528
0.020024
0.021983
0.021266
0.022654
0.021841
0.021345
0.031428
0.028150
0.021246
0.020271
0.021251
0.032686
0.021499
0.020306
0.021459
0.020302
0.020013
0.020392
0.020283
0.020594
0.022226
0.021454
0.020570
0.021240
0.023371
0.024228
0.022548
0.021901
0.020314
0.021197
0.020038
0.020963
0.020312
0.021244
0.022038
0.021098
0.021481
0.023029
0.020593
0.022242
0.021007
0.020209
0.020769
0.021201
0.034615
0.023753
0.020638
0.021783
0.020610
0.022058
0.019828
0.022279
0.020786
0.021168
0.020410
0.022173
0.020902
0.020340
0.020694
0.020294
0.021616
0.021443
0.021092
0.022171
0.021045
0.020810
0.025212
0.021418
0.021195
0.022450
0.020067
0.020410
0.023118
0.021285
0.021537
0.022095
0.021439
0.021659
0.020126
0.021259
0.021232
0.022163
0.020434
0.020152
0.021432
0.026368
0.021230
0.021456
0.019790
0.020207
0.020674
0.020399
0.020387
0.020564
0.019996
0.020042
0.020121
0.019893
0.020695
0.020254
0.019923
0.020667
0.020560
0.021431
0.021064
0.020299
0.021348
0.019718
0.022642
0.020764
0.021155
0.020159
0.019612
0.020335
0.019836
0.020631
0.020776
0.022952
0.020308
0.019862
0.020510
0.021039
0.021130
0.019858
0.021716
0.020283
0.024364
0.020496
0.020604
0.022088
0.020064
0.020820
0.020401
0.021293
0.020796
0.025567
0.026123
0.022177
0.020496
0.025185
0.022382
0.019700
0.020893
0.021190
0.019850
0.021982
0.021876
0.019795
0.021258
0.020369
0.020365
0.026359
0.020711
0.021453
0.021110
0.020446
0.022467
0.022449
0.021121
0.020472
0.021151
0.021108
0.020049
0.023654
0.021863
0.020346
0.022383
0.020884
0.019982
0.021114
0.021356
0.021624
0.020378
0.020086
0.020212
0.022851
0.020973
0.020175
0.020627
0.021674
0.020458
0.023068
0.022282
0.022083
0.020549
0.021201
0.020712
0.022740
0.019977
0.020494
0.021835
0.020590
0.024418
0.020959
0.021479
0.022316
0.020027
0.021384
0.024434
0.020825
0.020325
0.021860
0.021062
0.021015
0.023303
0.023132
0.020853
0.020158
0.021783
0.021336
0.021822
0.020419
0.026613
0.022058
0.020650
0.020553
0.021608
0.022850
0.020990
0.022194
0.020607
0.020974
0.021697
0.020207
0.020949
0.021359
0.020266
0.020449
0.021027
0.020428
0.025340
0.021827
0.021635
0.020411
0.026587
0.023117
0.019881
0.021174
0.020941
0.020329
0.020038
0.020011
0.023947
0.021633
0.021512
0.019785
0.020652
0.021558
0.020199
0.021091
0.026818
0.020253
0.021168
0.020304
0.019960
0.027890
0.020306
0.020272
0.020085
0.023323
0.020210
0.019769
0.020839
0.020687
0.026250
0.019906
0.020326
0.038961
0.021445
0.022000
0.021931
0.020547
0.020477
0.021672
0.021478
0.021387
0.020843
0.020515
0.024163
0.024533
0.024029
0.021777
0.019935
0.020723
0.021689
0.021407
0.020776
0.020288
0.021521
0.019987
0.021147
0.019874
0.020035
0.021260
0.020313
0.020694
0.023664
0.020108
0.022205
0.021032
0.021204
0.020752
0.021136
0.022462
0.020197
0.021167
0.030038
0.023024
0.020746
0.020218
0.020056
0.019749
0.021670
0.020457
0.020443
0.020749
0.020061
0.023141
0.020949
0.020829
0.028655
0.020700
0.020942
0.019969
0.032626
0.020606
0.021929
0.021185
0.021531
0.022063
0.024338
0.022730
0.021524
0.024979
0.021618
0.020720
0.020407
0.021564
0.020851
0.022954
0.020528
0.023005
0.021076
0.022103
0.019759
0.020111
0.020247
0.021147
0.021124
0.020694
0.021147
0.020120
0.021517
0.020379
0.020273
0.020296
0.021393
0.020381
0.020257
0.021085
0.021034
0.020272
0.021822
0.021453
0.021566
0.024396
0.021535
0.020167
0.021239
0.021066
0.020113
0.019972
0.020363
0.020397
0.020712
0.020730
0.020773
0.021581
0.022166
0.022982
0.020563
0.020730
0.021869
0.020404
0.020357
0.023461
0.021093
0.023244
0.020069
0.022364
0.019803
0.022111
0.022468
0.031789
0.020866
0.020604
0.019571
0.019994
0.021397
0.021787
0.021540
0.021537
0.019897
0.020684
0.021109
0.021864
0.020304
0.025604
0.020014
0.021530
0.021362
0.021106
0.020925
0.021944
0.020103
0.020425
0.023222
0.020039
0.022523
0.020601
0.020814
0.020240
0.020098
0.022075
0.023207
0.020345
0.020188
0.020520
0.020035
0.023333
0.020327
0.021338
0.020489
0.020155
0.020843
0.020039
0.022267
0.020922
0.021318
0.022059
0.021882
0.020017
0.025464
0.019643
0.020679
0.020560
0.020842
0.021133
0.021676
0.019620
0.022350
0.020899
0.020726
0.025308
0.022367
0.021522
0.020616
0.021005
0.021297
0.021247
0.022525
0.020342
0.020281
0.026539
0.020441
0.022342
0.019737
0.020227
0.020626
0.021166
0.021130
0.020895
0.020364
0.020788
0.020305
0.021525
0.022318
0.021266
0.022156
0.020929
0.022208
0.022467
0.024896
0.019629
0.019803
0.019751
0.020717
0.021107
0.021051
0.022387
0.019969
0.021371
0.022353
0.020863
0.021317
0.020724
0.020753
0.026463
0.020314
0.021055
0.020275
0.022465
0.024493
0.021575
0.020611
0.022610
0.022197
0.022588
0.020167
0.020398
0.021519
0.027365
0.023362
0.027332
0.020124
0.019977
0.022882
0.021637
0.024548
0.021079
0.022060
0.021584
0.019537
0.021491
0.026462
0.024319
0.021008
0.022263
0.020025
0.022170
0.023045
0.019808
0.020656
0.022672
0.022288
0.022149
0.020935
0.021905
0.020319
0.023339
0.028670
0.021981
0.020399
0.031751
0.020947
0.022562
0.021858
0.020504
0.020781
0.021569
0.020120
0.019874
0.027378
0.021635
0.024318
0.020056
0.022107
0.021323
0.034313
0.021606
0.022374
0.020259
0.020500
0.020598
0.022381
0.021537
0.022430
0.021819
0.019972
0.020971
0.020082
0.020217
0.020169
0.023839
0.020578
0.023943
0.022298
0.020324
0.022939
0.021143
0.025012
0.020411
0.021952
0.023231
0.022336
0.021160
0.023968
0.020383
0.031755
0.021149
0.020637
0.022166
0.023138
0.019960
0.020599
0.022626
0.020562
0.020506
0.021015
0.022939
0.020434
0.020472
0.021481
0.020559
0.020856
0.023290
0.021392
0.021063
0.024066
0.022486
0.021297
0.020144
0.021285
0.020029
0.019870
0.024387
0.021201
0.021134
0.020991
0.022550
0.022771
0.020937
0.021751
0.020558
0.020020
0.019732
0.020110
0.021544
0.022194
0.020443
0.027364
0.020844
0.020645
0.020614
0.020204
0.020407
0.021759
0.021903
0.020660
0.020352
0.020727
0.020007
0.020856
0.021337
0.021209
0.024980
0.020365
0.025621
0.021086
0.020438
0.019492
0.021050
0.020955
0.023188
0.019970
0.020235
0.022856
0.020366
0.021122
0.026472
0.020594
0.028513
0.021305
0.020387
0.019930
0.020334
0.021087
0.020458
0.021471
0.020560
0.021743
0.020592
0.022046
0.020489
0.020923
0.020210
0.020615
0.021983
0.020822
0.020548
0.020898
0.020118
0.022754
0.020767
0.025039
0.021564
0.020953
0.019700
0.020495
0.020274
0.020427
0.021208
0.021328
0.020474
0.020219
0.021929
0.022635
0.020264
0.020369
