0.124148
0.131416
0.119683
0.122037
0.117218
0.121398
0.117510
0.122832
0.119669
0.119547
0.119054
0.115405
0.117067
0.117268
0.128221
0.121230
0.119796
0.122133
0.122257
0.121835
0.119558
0.123842
0.120765
0.127385
0.119397
0.118976
0.119349
0.123178
0.116845
0.121401
0.117698
0.116130
0.116456
0.119808
0.125016
0.119858
0.119383
0.125457
0.122781
0.120333
0.114842
0.118014
0.120827
0.132704
0.131127
0.118031
0.120255
0.118357
0.120955
0.121006
0.121517
0.122279
0.118997
0.118585
0.120139
0.121430
0.128603
0.122072
0.117657
0.122497
0.122353
0.121256
0.122132
0.118043
0.116252
0.123443
0.120961
0.120663
0.120276
0.118675
0.118515
0.117613
0.118201
0.122584
0.116001
0.118102
0.117743
0.126688
0.117134
0.118621
0.125451
0.118456
0.127340
0.136177
0.121274
0.118684
0.126655
0.113249
0.122593
0.118301
0.118591
0.122047
0.120968
0.123289
0.118293
0.118394
0.116936
0.116080
0.129669
0.122877
0.123911
0.119719
0.116842
0.127093
0.122425
0.120134
0.120201
0.131276
0.131957
0.124628
0.119759
0.120149
0.118668
0.138080
0.122158
0.124523
0.117901
0.126306
0.128718
0.116954
0.120418
0.139394
0.116499
0.124523
0.119966
0.125983
0.122607
0.119416
0.125304
0.128626
0.132790
0.120551
0.126056
0.132830
0.126410
0.117154
0.118000
0.118123
0.122651
0.121626
0.119196
0.126928
0.117206
0.120820
0.119001
0.130931
0.124782
0.123585
0.119534
0.125993
0.118559
0.120166
0.120411
0.120029
0.117456
0.124404
0.117136
0.123270
0.123155
0.126980
0.124786
0.120787
0.128586
0.117448
0.119511
0.133429
0.121841
0.117947
0.116971
0.117117
0.116504
0.121513
0.123773
0.119189
0.119995
0.122187
0.116820
0.117150
0.120756
0.120919
0.121348
0.118770
0.138548
0.119899
0.120217
0.120508
0.122254
0.119668
0.123739
0.132509
0.127339
0.120348
0.117381
0.120747
0.124298
0.121301
0.117784
0.120403
0.117863
0.119739
0.122110
0.117590
0.122563
0.120214
0.120401
0.126240
0.117627
0.125384
0.122474
0.123966
0.129770
0.115663
0.125457
0.120069
0.122104
0.118167
0.119609
0.118400
0.120503
0.117801
0.120075
0.131629
0.122650
0.118516
0.117103
0.120715
0.118381
0.117029
0.119095
0.117563
0.118648
0.119663
0.119176
0.119762
0.119472
0.120207
0.117948
0.119795
0.117704
0.134424
0.120499
0.118625
0.126233
0.132718
0.138480
0.120168
0.127955
0.119007
0.114650
0.124445
0.122451
0.117576
0.120364
0.118122
0.123421
0.119494
0.120320
0.122922
0.120086
0.117782
0.117102
0.117518
0.119423
0.122723
0.116166
0.127807
0.116583
0.116483
0.122953
0.120570
0.116717
0.120633
0.121153
0.124383
0.119537
0.117174
0.118269
0.118521
0.118398
0.121637
0.116127
0.116419
0.120982
0.121701
0.121800
0.116268
0.115475
0.120911
0.116541
0.117919
0.121563
0.121353
0.120043
0.122794
0.117631
0.122614
0.120167
0.121972
0.120115
0.119092
0.130281
0.117163
0.123010
0.119872
0.119626
0.120316
0.121924
0.137404
0.135747
0.148094
0.117552
0.120829
0.131572
0.119056
0.118461
0.119549
0.117236
0.115155
0.122824
0.115992
0.120043
0.123832
0.118560
0.115717
0.119821
0.125344
0.131201
0.120366
0.120163
0.117596
0.125743
0.117278
0.120132
0.121330
0.116631
0.119188
0.128569
0.121633
0.119379
0.121117
0.117864
0.122120
0.120048
0.119710
0.118508
0.161669
0.122383
0.121093
0.118746
0.120154
0.123067
0.119486
0.119364
0.116743
0.126153
0.120882
0.131807
0.139582
0.129524
0.122689
0.117580
0.122096
0.127271
0.119755
0.125222
0.130458
0.118122
0.124126
0.123556
0.132008
0.120631
0.121628
0.124704
0.121953
0.122698
0.129942
0.118351
0.135425
0.126788
0.120928
0.117784
0.118539
0.120911
0.120244
0.116641
0.123718
0.123584
0.121507
0.120962
0.116301
0.116962
0.117499
0.126977
0.120666
0.122106
0.116199
0.119390
0.117355
0.116944
0.118207
0.120668
0.118357
0.119952
0.120292
0.119413
0.121007
0.120443
0.121550
0.114893
0.127244
0.130875
0.118878
0.117458
0.116305
0.123507
0.116829
0.117694
0.117368
0.124671
0.116325
0.118224
0.128330
0.121608
0.116689
0.124333
0.124214
0.118912
0.121924
0.124319
0.121288
0.119914
0.115577
0.122850
0.117854
0.131769
0.115864
0.123628
0.131189
0.134634
0.127330
0.122780
0.119851
0.118923
0.131007
0.116688
0.117797
0.118802
0.120401
0.117812
0.125841
0.117046
0.120320
0.125142
0.118736
0.117997
0.132324
0.118925
0.121478
0.127144
0.117160
0.134496
0.125533
0.120004
0.116626
0.127362
0.125423
0.116415
0.137277
0.121233
0.116816
0.120355
0.123300
0.117509
0.117401
0.121540
0.116463
0.120071
0.117436
0.117686
0.115377
0.126864
0.120768
0.120916
0.123344
0.118820
0.119033
0.130521
0.121274
0.121558
0.122340
0.116730
0.130562
0.124527
0.121856
0.116389
0.123876
0.120186
0.117593
0.120641
0.121249
0.116599
0.118423
0.123649
0.122242
0.117834
0.126557
0.134691
0.125710
0.117827
0.131007
0.127504
0.123053
0.122109
0.132687
0.127918
0.123007
0.117241
0.118675
0.121427
0.119077
0.123157
0.123743
0.123150
0.123527
0.119923
0.119733
0.120972
0.127339
0.116756
0.118054
0.118622
0.127754
0.128854
0.119876
0.113856
0.138310
0.125939
0.116194
0.119072
0.124935
0.120337
0.116368
0.115682
0.123196
0.127920
0.119912
0.116972
0.117150
0.120394
0.119643
0.119559
0.123135
0.132250
0.118487
0.118298
0.119236
0.128509
0.119760
0.120339
0.115151
0.119123
0.120683
0.115595
0.118935
0.118406
0.125496
0.120543
0.118296
0.136671
0.127186
0.131497
0.120570
0.126593
0.117831
0.118260
0.125914
0.120350
0.117969
0.116804
0.121312
0.123490
0.129848
0.119480
0.117151
0.119162
0.125941
0.120463
0.120378
0.117806
0.121671
0.120336
0.117040
0.121544
0.117118
0.119584
0.122783
0.122340
0.120212
0.124635
0.137549
0.124628
0.118160
0.116770
0.120269
0.121271
0.124197
0.119678
0.128247
0.126082
0.116927
0.118226
0.123906
0.121203
0.136084
0.118561
0.123240
0.115913
0.122712
0.131737
0.117477
0.120922
0.130186
0.121563
0.122138
0.126367
0.130415
0.118423
0.121004
0.120811
0.120738
0.126180
0.122898
0.130860
0.126539
0.121772
0.121807
0.117641
0.118901
0.127225
0.117066
0.121095
0.120560
0.130000
0.131279
0.123652
0.116219
0.117543
0.124971
0.126843
0.120471
0.121230
0.118603
0.116510
0.117269
0.116355
0.115996
0.116758
0.129418
0.116056
0.123502
0.119409
0.126884
0.117444
0.121842
0.119420
0.124646
0.134400
0.119350
0.120403
0.120503
0.117861
0.118270
0.117747
0.117961
0.119804
0.124541
0.116492
0.118403
0.120606
0.121030
0.128792
0.117317
0.120994
0.120339
0.116673
0.122022
0.121238
0.119160
0.120131
0.118961
0.123730
0.115238
0.118588
0.118944
0.128093
0.117464
0.122566
0.115299
0.116828
0.118511
0.119824
0.120343
0.121597
0.117894
0.117958
0.117447
0.119341
0.117626
0.129780
0.121153
0.122951
0.118121
0.116761
0.117319
0.119462
0.122512
0.118476
0.124982
0.119128
0.116668
0.127937
0.120098
0.121266
0.121281
0.120778
0.120638
0.123744
0.116750
0.129507
0.116660
0.123518
0.118031
0.118081
0.119707
0.118852
0.119756
0.118248
0.118874
0.120035
0.120505
0.122502
0.132164
0.116419
0.134912
0.119165
0.119647
0.116510
0.122228
0.118183
0.123378
0.124408
0.124222
0.119687
0.121334
0.122632
0.122593
0.121215
0.123595
0.120498
0.117927
0.117888
0.120247
0.125031
0.121557
0.125139
0.115326
0.127278
0.120056
0.123963
0.129303
0.115870
0.119935
0.117715
0.119347
0.119335
0.128017
0.132306
0.121479
0.117550
0.123827
0.120024
0.118603
0.121537
0.121841
0.118272
0.119263
0.115594
0.125491
0.118930
0.118798
0.118458
0.114638
0.120083
0.118151
0.117641
0.120146
0.115961
0.114958
0.124852
0.119311
0.123636
0.117661
0.119083
0.133033
0.146503
0.116002
0.120804
0.122276
0.125423
0.120231
0.120587
0.117899
0.131734
0.120397
0.136547
0.133408
0.118565
0.120786
0.117286
0.126260
0.120598
0.120060
0.117740
0.113921
0.118623
0.124302
0.121488
0.120576
0.120783
0.121395
0.122977
0.128980
0.126883
0.116484
0.123183
0.126314
0.127324
0.117053
0.120942
0.120142
0.134314
0.124905
0.131750
0.118273
0.152984
0.135711
0.119291
0.117877
0.121077
0.123187
0.131303
0.118030
0.122942
0.131273
0.118148
0.141504
0.113193
0.120195
0.115438
0.131830
0.123870
0.119586
0.117129
0.120200
0.122275
0.121325
0.126133
0.125611
0.122068
0.119339
0.117424
0.121487
0.119028
0.118329
0.125696
0.119017
0.122834
0.122816
0.117469
0.133947
0.123473
0.136295
0.116095
0.120398
0.119859
0.125115
0.124417
0.119626
0.118961
0.135322
0.117445
0.125967
0.123600
0.124456
0.119133
0.117419
0.121005
0.115947
0.118086
0.119012
0.119567
0.116806
0.119432
0.117027
0.120485
0.117131
0.120452
0.119964
0.131373
0.124927
0.129287
0.120186
0.126379
0.122321
0.120463
0.115541
0.123198
0.121417
0.119365
0.118786
0.119429
0.120719
0.116358
0.125337
0.120157
0.114799
0.116269
0.121316
0.119078
0.122754
0.121579
0.125297
0.119416
0.124714
0.120693
0.127032
0.117739
0.116901
0.125851
0.119144
0.116481
0.120381
0.117239
0.116554
0.116331
0.122387
0.126387
0.114730
0.120657
0.115842
0.123224
0.115419
0.118865
0.132119
0.128174
0.118774
0.119307
0.120513
0.122783
0.126192
0.129254
0.125810
0.127918
0.120365
0.113700
0.115586
0.126264
0.125462
0.121811
0.122478
0.123959
0.121804
0.124180
0.126976
0.124566
0.120782
0.121869
0.116720
0.118506
0.126191
0.117638
0.117575
0.125015
0.118945
0.116899
0.123171
0.120527
0.117416
0.114958
0.118442
0.117534
0.118077
0.121764
0.125772
0.115897
0.116788
0.120903
0.121698
0.119371
0.124461
