0.022117
0.031997
0.020707
0.020595
0.020936
0.021766
0.020554
0.021612
0.022273
0.021141
0.020368
0.020151
0.020099
0.021552
0.022369
0.022250
0.022831
0.021357
0.020854
0.024635
0.020305
0.020070
0.022633
0.022027
0.021404
0.020625
0.021057
0.022463
0.020771
0.019811
0.020623
0.019720
0.020653
0.020757
0.020530
0.021938
0.022872
0.021958
0.021285
0.020107
0.019778
0.021626
0.020405
0.021230
0.029571
0.020896
0.021151
0.021200
0.021677
0.020873
0.021063
0.022634
0.019784
0.021320
0.021696
0.020854
0.023282
0.020772
0.021203
0.023402
0.020811
0.020560
0.020682
0.020290
0.020397
0.019678
0.023404
0.020551
0.020915
0.020406
0.020757
0.021036
0.021371
0.025689
0.020151
0.021438
0.020132
0.020129
0.019777
0.020480
0.023566
0.021335
0.020769
0.026397
0.021992
0.020320
0.020387
0.019339
0.021770
0.019996
0.022541
0.020742
0.021366
0.022555
0.020788
0.019669
0.020239
0.020458
0.021366
0.020888
0.022361
0.022085
0.020088
0.020125
0.020435
0.022149
0.021013
0.023587
0.029056
0.020755
0.021258
0.021605
0.022221
0.021930
0.020410
0.019944
0.020688
0.020857
0.020340
0.019894
0.020944
0.023321
0.020682
0.020248
0.020732
0.020915
0.021599
0.021070
0.021181
0.022860
0.022294
0.019813
0.027500
0.021217
0.024930
0.020514
0.021078
0.020453
0.020268
0.025318
0.021666
0.021268
0.020316
0.020426
0.021958
0.033737
0.022134
0.021138
0.021290
0.020780
0.020905
0.020113
0.021720
0.020311
0.020096
0.020391
0.020286
0.019895
0.021236
0.029831
0.026259
0.020111
0.030920
0.020763
0.021280
0.021298
0.021920
0.020197
0.021291
0.021725
0.019561
0.021611
0.021162
0.020291
0.022093
0.023687
0.020851
0.019859
0.020146
0.023587
0.020280
0.019856
0.023562
0.020033
0.020365
0.020947
0.023367
0.020516
0.023091
0.020846
0.030423
0.021549
0.020266
0.022840
0.021792
0.020789
0.021230
0.020977
0.020230
0.020733
0.020749
0.020547
0.022615
0.020951
0.020865
0.022187
0.021300
0.020171
0.022880
0.021170
0.022036
0.019732
0.022249
0.023482
0.021205
0.020176
0.020021
0.021000
0.023815
0.021223
0.021402
0.021078
0.025390
0.020678
0.020711
0.021673
0.019962
0.019938
0.020563
0.020880
0.020499
0.020736
0.020094
0.022097
0.022564
0.019684
0.020423
0.022983
0.020176
0.020755
0.021288
0.021709
0.021845
0.028793
0.025720
0.022500
0.020109
0.021413
0.019756
0.023140
0.020872
0.021063
0.021553
0.020178
0.020700
0.020634
0.021323
0.020258
0.020499
0.021037
0.019940
0.020382
0.020545
0.021315
0.020028
0.021021
0.020688
0.020301
0.022795
0.020646
0.021810
0.020874
0.021518
0.020535
0.020917
0.020232
0.021199
0.019964
0.020361
0.020707
0.020332
0.020736
0.020253
0.022401
0.020470
0.021055
0.020109
0.020901
0.020030
0.020614
0.020987
0.020448
0.022350
0.023037
0.019945
0.021094
0.021801
0.022509
0.022358
0.022026
0.026425
0.019929
0.021895
0.021171
0.022573
0.021741
0.021242
0.031310
0.028033
0.021143
0.020173
0.021150
0.032549
0.021415
0.020201
0.021357
0.020204
0.019912
0.020288
0.020194
0.020488
0.022096
0.021354
0.020462
0.021157
0.023255
0.024110
0.022457
0.021798
0.020224
0.021103
0.019924
0.020866
0.020210
0.021146
0.021950
0.020991
0.021394
0.022932
0.020484
0.022141
0.020907
0.020109
0.020664
0.021104
0.034509
0.023653
0.020537
0.021697
0.020504
0.021958
0.019699
0.022179
0.020673
0.021059
0.020285
0.022049
0.020796
0.020248
0.020595
0.020187
0.021509
0.021327
0.020943
0.022044
0.020947
0.020717
0.025121
0.021303
0.021092
0.022353
0.019970
0.020317
0.023020
0.021175
0.021448
0.021957
0.021351
0.021552
0.020036
0.021170
0.021133
0.022051
0.020330
0.020047
0.021333
0.026239
0.021125
0.021343
0.019699
0.020091
0.020583
0.020296
0.020265
0.020453
0.019897
0.019935
0.020033
0.019799
0.020592
0.020137
0.019824
0.020553
0.020447
0.021340
0.020973
0.020187
0.021244
0.019630
0.022557
0.020661
0.021062
0.020057
0.019537
0.020235
0.019743
0.020538
0.020675
0.022851
0.020199
0.019768
0.020403
0.020940
0.021021
0.019766
0.021612
0.020188
0.024238
0.020391
0.020500
0.021974
0.019975
0.020715
0.020300
0.021188
0.020693
0.025458
0.026022
0.022056
0.020400
0.025074
0.022290
0.019588
0.020787
0.021083
0.019743
0.021876
0.021778
0.019701
0.021163
0.020269
0.020270
0.026256
0.020603
0.021351
0.021014
0.020341
0.022360
0.022328
0.021017
0.020364
0.021044
0.021003
0.019959
0.023543
0.021758
0.020240
0.022279
0.020782
0.019872
0.021020
0.021257
0.021511
0.020269
0.019980
0.020105
0.022754
0.020882
0.020082
0.020520
0.021550
0.020349
0.022963
0.022183
0.021961
0.020449
0.021086
0.020590
0.022628
0.019874
0.020385
0.021741
0.020485
0.024284
0.020854
0.021368
0.022218
0.019928
0.021290
0.024246
0.020736
0.020225
0.021749
0.020937
0.020932
0.023193
0.022648
0.020758
0.020057
0.021677
0.021232
0.021714
0.020309
0.026513
0.021957
0.020539
0.020457
0.021515
0.022743
0.020893
0.022086
0.020505
0.020883
0.021595
0.020101
0.020834
0.021246
0.020165
0.020351
0.020905
0.020313
0.025212
0.021733
0.021533
0.020309
0.026443
0.023030
0.019772
0.021071
0.020831
0.020235
0.019933
0.019919
0.023849
0.021526
0.021425
0.019669
0.020554
0.021448
0.020097
0.020987
0.026709
0.020196
0.021065
0.020181
0.019855
0.027774
0.020211
0.020172
0.019988
0.023192
0.020109
0.019654
0.020742
0.020595
0.026136
0.019812
0.020232
0.038837
0.021338
0.021898
0.021834
0.020436
0.020376
0.021578
0.021381
0.021285
0.020735
0.020421
0.024058
0.024426
0.023915
0.021672
0.019836
0.020623
0.021602
0.021296
0.020672
0.020191
0.021418
0.019886
0.021054
0.019783
0.019941
0.021168
0.020205
0.020601
0.023539
0.020006
0.022097
0.020927
0.021111
0.020651
0.021045
0.022348
0.020087
0.021049
0.029931
0.022917
0.020642
0.020120
0.019957
0.019650
0.021577
0.020345
0.020338
0.020640
0.019961
0.023020
0.020857
0.020726
0.028534
0.020573
0.020834
0.019873
0.032475
0.020513
0.021821
0.021076
0.021426
0.021955
0.024236
0.022620
0.021428
0.024892
0.021512
0.020620
0.020308
0.021476
0.020758
0.022842
0.020425
0.022882
0.020946
0.021993
0.019650
0.019994
0.020134
0.021042
0.021035
0.020583
0.021050
0.020024
0.021421
0.020277
0.020181
0.020197
0.021302
0.020283
0.020144
0.020999
0.020937
0.020171
0.021724
0.021356
0.021446
0.024292
0.021422
0.020056
0.021135
0.020966
0.020007
0.019866
0.020243
0.020237
0.020606
0.020614
0.020659
0.021478
0.022065
0.022892
0.020436
0.020609
0.021760
0.020301
0.020253
0.023350
0.020986
0.023153
0.019951
0.022270
0.019711
0.022004
0.022363
0.031679
0.020764
0.020510
0.019472
0.019881
0.021306
0.021699
0.021448
0.021418
0.019813
0.020574
0.021012
0.021775
0.020208
0.025490
0.019900
0.021425
0.021254
0.021005
0.020836
0.021830
0.019985
0.020325
0.023135
0.019944
0.022417
0.020498
0.020710
0.020129
0.020002
0.021951
0.023105
0.020243
0.020088
0.020418
0.019927
0.023244
0.020205
0.021225
0.020371
0.020047
0.020740
0.019934
0.022161
0.020821
0.021210
0.021954
0.021769
0.019902
0.025355
0.019546
0.020586
0.020456
0.020746
0.021030
0.021592
0.019512
0.022257
0.020808
0.020626
0.025210
0.022260
0.021418
0.020508
0.020898
0.021192
0.021198
0.022419
0.020251
0.020168
0.026437
0.020333
0.022231
0.019634
0.020121
0.020518
0.021064
0.021026
0.020789
0.020253
0.020673
0.020204
0.021410
0.022223
0.021165
0.022048
0.020816
0.022101
0.022385
0.024787
0.019516
0.019701
0.019649
0.020610
0.021018
0.020944
0.022292
0.019872
0.021281
0.022264
0.020766
0.021210
0.020617
0.020634
0.026328
0.020210
0.020961
0.020178
0.022368
0.024410
0.021456
0.020504
0.022514
0.022098
0.022467
0.020052
0.020291
0.021421
0.027273
0.023259
0.027222
0.020000
0.019861
0.022784
0.021521
0.024462
0.020775
0.021972
0.021498
0.019411
0.021399
0.026363
0.024209
0.020904
0.022156
0.019933
0.022067
0.022924
0.019708
0.020476
0.022562
0.022183
0.022036
0.020838
0.021804
0.020218
0.023235
0.028557
0.021875
0.020283
0.031644
0.020842
0.022457
0.021719
0.020395
0.020648
0.021467
0.020027
0.019761
0.027277
0.021524
0.024036
0.019959
0.022001
0.021219
0.034168
0.021512
0.022253
0.020155
0.020401
0.020483
0.022294
0.021438
0.022335
0.021717
0.019856
0.020873
0.019983
0.020116
0.020068
0.023729
0.020476
0.023843
0.022195
0.020237
0.022826
0.021041
0.024698
0.020304
0.021863
0.023121
0.022207
0.021087
0.023861
0.020267
0.031668
0.021045
0.020529
0.022070
0.023043
0.019858
0.020505
0.022529
0.020452
0.020408
0.020910
0.022819
0.020347
0.020364
0.021380
0.020439
0.020771
0.023142
0.021296
0.020948
0.023961
0.022398
0.021185
0.019993
0.021189
0.019929
0.019765
0.024276
0.021103
0.021024
0.020895
0.022459
0.022668
0.020850
0.021641
0.020445
0.019925
0.019636
0.020000
0.021436
0.022093
0.020359
0.027243
0.020736
0.020549
0.020522
0.020103
0.020314
0.021674
0.021746
0.020537
0.020192
0.020633
0.019911
0.020753
0.021240
0.021110
0.024883
0.020242
0.025514
0.020975
0.020322
0.019383
0.020949
0.020855
0.023066
0.019863
0.020121
0.022747
0.020253
0.021023
0.026369
0.020491
0.028421
0.021200
0.020264
0.019836
0.020210
0.020986
0.020348
0.021372
0.020459
0.021629
0.020485
0.021932
0.020388
0.020816
0.020107
0.020517
0.021884
0.020715
0.020445
0.020803
0.020014
0.022643
0.020657
0.024858
0.021482
0.020864
0.019601
0.020382
0.020168
0.020174
0.021087
0.021217
0.020389
0.020125
0.021832
0.022536
0.020160
0.020268
