0.093151
0.088909
0.090498
0.092905
0.087944
0.090634
0.088370
0.092562
0.088660
0.089835
0.090109
0.087052
0.088201
0.087301
0.097197
0.090452
0.088321
0.091999
0.092476
0.088289
0.090729
0.095137
0.089789
0.096653
0.089104
0.089700
0.089571
0.092127
0.087559
0.091495
0.088777
0.087846
0.087234
0.090076
0.095620
0.089361
0.088138
0.094825
0.092894
0.091624
0.086656
0.087493
0.091689
0.102396
0.092600
0.088661
0.090671
0.088288
0.090250
0.091101
0.092062
0.091067
0.090526
0.088232
0.089949
0.091866
0.096766
0.092859
0.088048
0.090491
0.092970
0.092218
0.092244
0.089260
0.087465
0.095339
0.089101
0.091630
0.090084
0.088972
0.089337
0.087360
0.088089
0.088304
0.087295
0.088276
0.088930
0.097975
0.087898
0.089430
0.093442
0.088705
0.097738
0.101284
0.090527
0.089523
0.097667
0.085622
0.092021
0.089940
0.087433
0.092721
0.091002
0.092070
0.088865
0.089951
0.088213
0.087043
0.099723
0.093425
0.092928
0.089297
0.088317
0.098243
0.093148
0.089114
0.090024
0.099322
0.092839
0.095160
0.089856
0.089949
0.088073
0.106798
0.092954
0.096192
0.088360
0.095245
0.099783
0.088416
0.091048
0.107324
0.087168
0.095922
0.090536
0.091332
0.092304
0.089796
0.088494
0.097249
0.101335
0.091856
0.089572
0.102575
0.092611
0.088006
0.088394
0.089142
0.093726
0.087398
0.088873
0.096947
0.087889
0.091912
0.088670
0.088693
0.094069
0.093971
0.089619
0.096850
0.088907
0.091509
0.090142
0.091150
0.088888
0.095336
0.088466
0.094614
0.093356
0.088253
0.089979
0.092137
0.087640
0.088308
0.089667
0.103386
0.091424
0.089178
0.086881
0.087007
0.088614
0.091015
0.093647
0.090475
0.089187
0.089815
0.087589
0.088813
0.092096
0.088862
0.092464
0.089587
0.106244
0.091260
0.091102
0.090164
0.090320
0.090522
0.092071
0.102949
0.088349
0.090129
0.088710
0.089052
0.093946
0.092099
0.087674
0.090765
0.089102
0.090042
0.092973
0.088468
0.091578
0.090714
0.090498
0.095268
0.086821
0.096745
0.090530
0.093889
0.099124
0.087369
0.094575
0.088206
0.092016
0.089567
0.091068
0.088816
0.087121
0.087811
0.090064
0.101931
0.088929
0.089250
0.087655
0.090530
0.090052
0.088283
0.089799
0.088102
0.088532
0.090298
0.090544
0.089056
0.088356
0.092016
0.089004
0.088473
0.088976
0.103669
0.090843
0.088338
0.095479
0.094339
0.102851
0.089106
0.099307
0.088990
0.086340
0.092681
0.092992
0.087631
0.090215
0.089595
0.093813
0.089755
0.090040
0.094169
0.090572
0.088112
0.088941
0.088637
0.089940
0.092446
0.087805
0.097894
0.087363
0.087644
0.091362
0.091241
0.086377
0.091085
0.091214
0.095111
0.089824
0.088495
0.088633
0.089162
0.088162
0.092327
0.087220
0.087109
0.092179
0.090227
0.092305
0.086543
0.086957
0.091558
0.087792
0.088767
0.091743
0.092262
0.089025
0.091199
0.089309
0.092770
0.089732
0.090627
0.089276
0.088740
0.092164
0.088697
0.092222
0.089536
0.088471
0.089851
0.092224
0.090699
0.098808
0.118442
0.088809
0.090987
0.090444
0.089098
0.089245
0.089336
0.088586
0.086849
0.094196
0.087284
0.090922
0.092719
0.088842
0.086738
0.090037
0.093293
0.097929
0.089487
0.089680
0.088874
0.095937
0.088543
0.090416
0.092570
0.087186
0.088788
0.098335
0.091609
0.088099
0.091198
0.087306
0.092594
0.091394
0.086678
0.088683
0.114752
0.090161
0.092096
0.087262
0.089404
0.092615
0.090986
0.088199
0.087692
0.096247
0.089010
0.101325
0.109658
0.100631
0.092680
0.088759
0.092130
0.097321
0.089918
0.094342
0.101085
0.089050
0.090313
0.093779
0.102079
0.087989
0.092870
0.095493
0.090448
0.091835
0.100137
0.087779
0.105230
0.096484
0.092490
0.088216
0.088398
0.090264
0.091133
0.087978
0.093036
0.088898
0.091516
0.090836
0.088056
0.088250
0.088284
0.094257
0.091712
0.093211
0.087898
0.090792
0.088951
0.088783
0.088884
0.091858
0.089764
0.090646
0.090078
0.089506
0.091412
0.091789
0.091626
0.087148
0.095737
0.097798
0.089464
0.088806
0.087762
0.094594
0.088731
0.088180
0.088278
0.093246
0.087490
0.089940
0.099251
0.091213
0.087267
0.096092
0.093883
0.090408
0.088934
0.095384
0.091694
0.089529
0.086895
0.093489
0.089112
0.101814
0.086707
0.089547
0.094986
0.102563
0.097881
0.089078
0.089180
0.090893
0.101653
0.087016
0.089566
0.087956
0.089929
0.089602
0.096021
0.088438
0.091621
0.089981
0.089345
0.088079
0.102510
0.090169
0.090503
0.096253
0.087281
0.104058
0.095415
0.090406
0.088074
0.095275
0.093273
0.087667
0.105466
0.091949
0.088456
0.090738
0.092012
0.087313
0.088111
0.092871
0.087761
0.088823
0.087978
0.089000
0.086448
0.096470
0.090752
0.089491
0.092706
0.088486
0.090164
0.100217
0.092032
0.090203
0.094098
0.087941
0.100092
0.095220
0.088528
0.086861
0.093285
0.089494
0.089288
0.090811
0.088304
0.087482
0.089738
0.093099
0.092672
0.088383
0.093646
0.102551
0.095396
0.089244
0.094892
0.096952
0.092828
0.093309
0.097635
0.097404
0.093642
0.088333
0.088646
0.089951
0.089179
0.092444
0.094049
0.093772
0.093079
0.091474
0.090284
0.091109
0.098553
0.087845
0.088742
0.089255
0.093461
0.098565
0.089550
0.085207
0.096372
0.094049
0.087987
0.089254
0.095162
0.091309
0.087741
0.087298
0.090622
0.097727
0.089942
0.088910
0.088196
0.089984
0.090866
0.089671
0.087903
0.103247
0.088815
0.089703
0.090875
0.090665
0.090914
0.091565
0.086629
0.087041
0.091832
0.087558
0.089655
0.088921
0.090951
0.092182
0.089545
0.089015
0.097165
0.100766
0.089652
0.096405
0.088800
0.088001
0.095736
0.090535
0.088601
0.087852
0.088744
0.089709
0.095513
0.089257
0.088842
0.090055
0.095404
0.090625
0.090881
0.089082
0.091531
0.091066
0.087180
0.092708
0.088475
0.089932
0.093980
0.093135
0.088035
0.095940
0.106576
0.094956
0.088480
0.087634
0.090286
0.090372
0.095510
0.090111
0.089625
0.094582
0.087933
0.089718
0.095385
0.092776
0.105703
0.089610
0.094264
0.086475
0.092360
0.100043
0.087685
0.090940
0.092819
0.092478
0.092353
0.098054
0.088183
0.089315
0.090823
0.090776
0.090507
0.095933
0.089944
0.099611
0.096287
0.088142
0.091515
0.088620
0.089190
0.097028
0.087853
0.089480
0.091588
0.098501
0.101947
0.093057
0.088301
0.088739
0.096157
0.097296
0.090938
0.091875
0.088215
0.087919
0.087340
0.087594
0.087251
0.087715
0.099303
0.087195
0.094711
0.089609
0.096921
0.088706
0.091149
0.089154
0.094490
0.101494
0.089203
0.091974
0.090657
0.088103
0.089401
0.089470
0.089099
0.090822
0.095309
0.086924
0.088642
0.090683
0.090381
0.097293
0.088304
0.091553
0.090174
0.087611
0.092860
0.089262
0.088880
0.087611
0.090289
0.092706
0.087025
0.087940
0.088112
0.087228
0.088246
0.093505
0.087605
0.088190
0.088892
0.089569
0.090207
0.091747
0.089715
0.088990
0.087679
0.088734
0.088659
0.093958
0.092701
0.092940
0.088213
0.087432
0.088077
0.089164
0.093440
0.089007
0.093275
0.090822
0.085951
0.098625
0.090682
0.092412
0.092297
0.090007
0.088814
0.094791
0.086706
0.100624
0.088282
0.091704
0.089463
0.088296
0.090587
0.090136
0.090425
0.089926
0.088231
0.090515
0.090653
0.091924
0.101249
0.087591
0.100733
0.091008
0.090212
0.087597
0.092778
0.088649
0.092357
0.096407
0.093369
0.090286
0.092063
0.088681
0.091713
0.091279
0.094656
0.090707
0.087570
0.088365
0.089222
0.093557
0.092706
0.090309
0.086637
0.096269
0.092053
0.095145
0.090058
0.086377
0.090310
0.088516
0.090450
0.090358
0.099388
0.102000
0.090746
0.087295
0.093237
0.090246
0.087916
0.090644
0.087729
0.089070
0.091305
0.087125
0.091182
0.089375
0.089178
0.087781
0.086131
0.090164
0.087343
0.088645
0.090237
0.086817
0.085572
0.089585
0.090624
0.094166
0.088852
0.087714
0.099205
0.116444
0.086889
0.089741
0.091041
0.094373
0.091637
0.091875
0.087795
0.093589
0.088772
0.100691
0.104966
0.090108
0.089381
0.086952
0.093038
0.091109
0.089479
0.087663
0.086034
0.088529
0.089349
0.088653
0.091083
0.089945
0.092874
0.092291
0.097156
0.098523
0.087340
0.092042
0.094982
0.096413
0.087575
0.090601
0.091412
0.102568
0.087727
0.101198
0.089396
0.110039
0.106199
0.088419
0.087377
0.092059
0.093730
0.101433
0.089165
0.094562
0.095190
0.088261
0.107911
0.084904
0.089660
0.085714
0.089308
0.093574
0.088646
0.088535
0.091339
0.092767
0.090314
0.096153
0.094481
0.091674
0.090964
0.087895
0.093072
0.090200
0.089707
0.092581
0.089822
0.086771
0.091214
0.088532
0.102182
0.093495
0.101691
0.087262
0.089958
0.088205
0.094300
0.094716
0.087336
0.090381
0.093705
0.088019
0.096999
0.092824
0.092782
0.090027
0.088491
0.089871
0.086921
0.087624
0.089559
0.088145
0.088163
0.090303
0.087215
0.091015
0.087780
0.088674
0.089771
0.094478
0.092193
0.096940
0.090184
0.097771
0.092622
0.091708
0.087220
0.090336
0.091921
0.089361
0.089304
0.088311
0.089492
0.086900
0.094824
0.091240
0.086490
0.087816
0.092926
0.089096
0.092007
0.092380
0.088763
0.090206
0.095342
0.091806
0.098256
0.089113
0.086681
0.094771
0.088741
0.087894
0.091110
0.087892
0.087016
0.086596
0.090395
0.092468
0.085989
0.086605
0.086425
0.094106
0.087634
0.088975
0.099240
0.095456
0.090409
0.090423
0.089111
0.094071
0.096510
0.094346
0.096777
0.090733
0.089823
0.085044
0.087280
0.097277
0.095784
0.093002
0.092711
0.094988
0.091566
0.095023
0.096367
0.095511
0.091211
0.093175
0.087504
0.087865
0.096826
0.088530
0.088103
0.096457
0.087576
0.087648
0.089283
0.090562
0.087955
0.087012
0.089589
0.088788
0.089313
0.091384
0.096210
0.087101
0.088072
0.090244
0.090329
0.090736
0.094774
