0.013089
0.015276
0.013310
0.013285
0.013422
0.013200
0.013214
0.013633
0.013447
0.013431
0.013077
0.013176
0.014039
0.013005
0.012976
0.013173
0.013195
0.014156
0.013244
0.014009
0.013392
0.013174
0.013425
0.013205
0.013047
0.013596
0.013300
0.013117
0.013454
0.013419
0.013514
0.013036
0.013381
0.013634
0.013301
0.013180
0.013097
0.013121
0.013059
0.013126
0.013543
0.013163
0.013132
0.013643
0.013034
0.013033
0.015004
0.014104
0.013513
0.013139
0.013467
0.015092
0.013764
0.014470
0.018018
0.013515
0.013329
0.013397
0.013272
0.013843
0.013122
0.013118
0.013155
0.013531
0.013125
0.013604
0.013281
0.013886
0.013369
0.014134
0.013029
0.014158
0.013585
0.012972
0.012846
0.013246
0.013309
0.013099
0.016660
0.013531
0.015302
0.013695
0.013605
0.013689
0.018824
0.013425
0.013296
0.013233
0.013343
0.012944
0.013058
0.012980
0.013329
0.013423
0.013217
0.013071
0.013544
0.014008
0.013128
0.012983
0.013559
0.013261
0.013145
0.013480
0.013130
0.013001
0.013431
0.013490
0.013187
0.012844
0.014400
0.013311
0.013275
0.013022
0.013213
0.013118
0.013483
0.013631
0.013875
0.013503
0.013397
0.013208
0.013888
0.013399
0.014637
0.013365
0.013251
0.013422
0.013633
0.013412
0.013556
0.013418
0.013448
0.013739
0.013002
0.013673
0.013835
0.013594
0.013056
0.013386
0.013288
0.013069
0.013080
0.016913
0.013127
0.013147
0.013592
0.013326
0.012953
0.012852
0.013439
0.013908
0.013284
0.015556
0.013134
0.013457
0.013527
0.013839
0.013491
0.013523
0.012998
0.013140
0.013273
0.013112
0.013127
0.013431
0.013357
0.013237
0.013422
0.012807
0.013128
0.013498
0.013578
0.013177
0.012890
0.013069
0.013504
0.013310
0.013504
0.013136
0.013597
0.013587
0.013186
0.013335
0.012970
0.013211
0.013361
0.013363
0.013273
0.013356
0.015606
0.013081
0.013173
0.013372
0.013203
0.012847
0.013374
0.013223
0.013679
0.013266
0.012992
0.014701
0.013414
0.013352
0.013330
0.013389
0.013436
0.013012
0.014077
0.013052
0.013658
0.013540
0.013334
0.014106
0.013516
0.012925
0.013128
0.013064
0.013204
0.014032
0.013497
0.013188
0.013283
0.013585
0.013906
0.013414
0.012923
0.013200
0.013238
0.013656
0.013904
0.014894
0.013658
0.013406
0.013359
0.013342
0.014456
0.013484
0.012937
0.013148
0.013457
0.013377
0.012997
0.013434
0.014341
0.013377
0.013479
0.013220
0.013048
0.013701
0.013182
0.013365
0.013072
0.013166
0.013711
0.013277
0.013190
0.013481
0.013304
0.013090
0.013333
0.013327
0.013181
0.013139
0.013458
0.013484
0.013314
0.013127
0.013131
0.013255
0.013298
0.013263
0.013410
0.013703
0.013530
0.013315
0.013282
0.013724
0.013348
0.012906
0.014295
0.013767
0.013197
0.013065
0.013058
0.013277
0.013251
0.014284
0.013745
0.013576
0.013140
0.013705
0.013356
0.013699
0.013548
0.013170
0.013220
0.013347
0.013457
0.013145
0.013299
0.012996
0.016619
0.013215
0.013573
0.014050
0.013364
0.014488
0.013363
0.013021
0.013155
0.012918
0.013158
0.013389
0.013101
0.013636
0.013767
0.013296
0.013020
0.013169
0.013366
0.013005
0.013574
0.012967
0.013637
0.013113
0.013481
0.013461
0.013747
0.013149
0.013344
0.013222
0.013269
0.013830
0.013242
0.013230
0.013694
0.013452
0.013486
0.013865
0.013445
0.013170
0.013040
0.013439
0.013676
0.013122
0.013026
0.012953
0.013499
0.013203
0.013269
0.013265
0.013465
0.024492
0.013516
0.013538
0.013432
0.013177
0.013689
0.013427
0.013122
0.013687
0.013114
0.013332
0.013425
0.013482
0.013066
0.013244
0.013249
0.013132
0.013178
0.013281
0.013058
0.013251
0.013594
0.013437
0.013095
0.012910
0.013367
0.012968
0.013392
0.013131
0.013354
0.013266
0.013591
0.013724
0.014615
0.013558
0.013414
0.013028
0.013251
0.013478
0.013367
0.013178
0.013925
0.013804
0.013268
0.013361
0.013454
0.013513
0.013503
0.013463
0.013152
0.015018
0.014423
0.014820
0.013134
0.013096
0.013942
0.014093
0.013229
0.012977
0.013573
0.013302
0.012944
0.013326
0.013474
0.013585
0.013314
0.013125
0.013785
0.012922
0.013203
0.014024
0.013341
0.013067
0.013270
0.012953
0.013306
0.013345
0.013734
0.013415
0.013351
0.013439
0.013201
0.020560
0.013149
0.013611
0.013344
0.013296
0.013169
0.013182
0.013222
0.013472
0.013082
0.013124
0.013275
0.012986
0.013046
0.013265
0.013415
0.013524
0.013419
0.015602
0.013277
0.013210
0.013221
0.013353
0.013593
0.013890
0.013143
0.012932
0.013340
0.013232
0.013014
0.013525
0.012989
0.013383
0.013697
0.013692
0.014069
0.013408
0.013201
0.013469
0.020687
0.013577
0.013301
0.013190
0.015702
0.013245
0.015315
0.013311
0.013197
0.013407
0.013727
0.014365
0.013071
0.013367
0.013518
0.019306
0.012973
0.013288
0.013374
0.013206
0.013220
0.013588
0.013198
0.013468
0.013511
0.013382
0.013513
0.012986
0.014019
0.013110
0.013289
0.013355
0.013097
0.013613
0.013045
0.013670
0.013155
0.015243
0.015708
0.013525
0.013338
0.013159
0.012734
0.013503
0.014215
0.013721
0.014322
0.013657
0.013150
0.013106
0.013104
0.013289
0.013331
0.013621
0.013822
0.013350
0.014182
0.013186
0.013324
0.013117
0.014036
0.013961
0.013167
0.013612
0.013125
0.013350
0.013557
0.013262
0.013263
0.013679
0.014269
0.013446
0.014053
0.013058
0.014194
0.013315
0.013067
0.012975
0.013338
0.013470
0.013177
0.013093
0.013924
0.014499
0.013731
0.014592
0.013519
0.014307
0.013081
0.013185
0.013435
0.013617
0.013523
0.015125
0.012837
0.013712
0.013524
0.013285
0.013633
0.013647
0.013538
0.013224
0.013288
0.013481
0.013229
0.013123
0.013263
0.013280
0.013339
0.013448
0.013467
0.013175
0.013167
0.013326
0.013917
0.014009
0.014215
0.013688
0.013478
0.013116
0.013479
0.013865
0.013349
0.013064
0.014030
0.013730
0.013353
0.013356
0.013089
0.013311
0.013119
0.014419
0.013167
0.013370
0.013438
0.014247
0.013077
0.013177
0.013432
0.013317
0.016562
0.013084
0.013273
0.013026
0.012988
0.013828
0.014163
0.013553
0.013201
0.013144
0.013869
0.013458
0.013459
0.013297
0.013539
0.013221
0.013461
0.012988
0.013576
0.013803
0.014450
0.013655
0.013970
0.014064
0.013357
0.013547
0.020733
0.013222
0.013183
0.013582
0.013282
0.013221
0.013339
0.013287
0.013411
0.014169
0.014011
0.014087
0.013414
0.013663
0.013051
0.013327
0.013354
0.013295
0.013251
0.013620
0.013473
0.013349
0.015746
0.013558
0.014065
0.013362
0.014247
0.013227
0.013498
0.013262
0.013414
0.013502
0.013699
0.013779
0.013345
0.013350
0.013451
0.013177
0.013352
0.013455
0.013111
0.017580
0.013768
0.014786
0.013093
0.014164
0.012698
0.013315
0.013591
0.012973
0.013321
0.013583
0.013365
0.013094
0.013891
0.013534
0.013765
0.013107
0.013491
0.013920
0.013511
0.015534
0.013399
0.013588
0.013395
0.013326
0.013489
0.013249
0.013509
0.013589
0.013501
0.013212
0.013619
0.013297
0.013015
0.013182
0.012969
0.013636
0.014641
0.013239
0.014058
0.012888
0.013343
0.012935
0.013340
0.013020
0.013406
0.013282
0.013388
0.013195
0.012996
0.013302
0.013404
0.013292
0.013566
0.013901
0.013546
0.014580
0.013392
0.013427
0.012934
0.013359
0.013320
0.013072
0.013078
0.013439
0.013321
0.013558
0.013376
0.013315
0.013074
0.013789
0.013123
0.013301
0.013221
0.013321
0.013338
0.013281
0.013584
0.013443
0.013276
0.013679
0.013956
0.013929
0.013646
0.014511
0.014194
0.016599
0.013375
0.013104
0.013434
0.013470
0.013163
0.013414
0.013284
0.013516
0.013272
0.013136
0.013734
0.013339
0.013103
0.013073
0.016036
0.013910
0.013036
0.014714
0.013929
0.013307
0.013260
0.013232
0.013154
0.013337
0.013113
0.013325
0.013190
0.013095
0.013782
0.013365
0.013072
0.013419
0.013018
0.013171
0.012914
0.013781
0.013603
0.013634
0.013086
0.013112
0.013410
0.013065
0.013162
0.013112
0.013004
0.013065
0.013615
0.013394
0.012930
0.013472
0.013677
0.013205
0.013186
0.013158
0.013705
0.013311
0.013389
0.013720
0.013720
0.013594
0.013218
0.014232
0.013814
0.013506
0.014850
0.013615
0.013202
0.013172
0.013423
0.013275
0.013366
0.014690
0.013053
0.013354
0.013256
0.013308
0.013647
0.013154
0.013395
0.013300
0.013055
0.013097
0.013389
0.013141
0.012836
0.013251
0.013255
0.018901
0.013560
0.013229
0.012915
0.014265
0.018595
0.013384
0.014612
0.013260
0.013243
0.013082
0.013683
0.013182
0.013258
0.012991
0.013292
0.013374
0.013175
0.013283
0.012873
0.013194
0.013228
0.015767
0.013404
0.012973
0.013317
0.013477
0.016510
0.013205
0.013950
0.013210
0.012996
0.013695
0.013619
0.013911
0.013059
0.013277
0.014224
0.013041
0.013321
0.013365
0.013344
0.013248
0.013121
0.013675
0.013222
0.013501
0.013121
0.013409
0.013424
0.013035
0.013492
0.013944
0.013347
0.013439
0.012878
0.013540
0.015723
0.013505
0.013399
0.013138
0.013149
0.014581
0.013889
0.013483
0.013614
0.012983
0.013472
0.013484
0.013344
0.013308
0.014343
0.013255
0.013257
0.013077
0.013165
0.013835
0.013420
0.013704
0.013195
0.012970
0.013418
0.015762
0.013437
0.013354
0.013268
0.013241
0.014052
0.014463
0.013523
0.013639
0.017026
0.014231
0.014236
0.013335
0.013301
0.014515
0.012881
0.013479
0.013332
0.013223
0.013148
0.013111
0.013383
0.013235
0.014347
0.013236
0.013079
0.012955
0.013802
0.013591
0.012982
0.013603
0.013060
0.013112
0.013246
0.013114
0.013197
0.013656
0.012939
0.013205
0.013132
0.013369
0.013864
0.013474
0.013264
0.013208
0.015647
0.013264
0.013260
0.013033
0.013430
0.013059
0.013494
0.013297
0.013465
0.013194
0.016360
0.013069
0.013395
0.013437
0.013739
0.014309
0.013285
0.012999
