0.166419
0.147021
0.145634
0.153002
0.165554
0.144630
0.148471
0.144912
0.148430
0.146927
0.145897
0.143453
0.150261
0.145763
0.151969
0.148487
0.145759
0.145658
0.150639
0.146829
0.147710
0.147775
0.153584
0.153474
0.154410
0.144272
0.152748
0.147247
0.148328
0.146129
0.145668
0.150330
0.153495
0.154223
0.167210
0.151380
0.160096
0.148440
0.155155
0.145345
0.147183
0.157285
0.149564
0.152311
0.153966
0.149080
0.146384
0.147725
0.158145
0.144288
0.143002
0.148939
0.149162
0.147582
0.156457
0.147911
0.146094
0.146703
0.153415
0.149673
0.151427
0.145493
0.146591
0.143890
0.148754
0.147491
0.145780
0.167429
0.152424
0.145549
0.148425
0.147396
0.152025
0.145200
0.147252
0.146500
0.145773
0.148450
0.146742
0.147093
0.155361
0.144118
0.146940
0.146543
0.144035
0.154190
0.148253
0.146636
0.147655
0.157653
0.147369
0.145814
0.157839
0.150190
0.148142
0.146910
0.145795
0.148009
0.152845
0.143965
0.153729
0.147023
0.146159
0.156372
0.146803
0.144656
0.147268
0.145428
0.146302
0.154084
0.149829
0.155553
0.148150
0.161441
0.148714
0.151022
0.144658
0.147214
0.147914
0.150364
0.161680
0.150999
0.147492
0.151080
0.154891
0.153389
0.149528
0.152312
0.146995
0.148170
0.144564
0.149925
0.143507
0.152132
0.144814
0.154602
0.148968
0.169047
0.156657
0.154939
0.148885
0.149843
0.150761
0.144634
0.156714
0.151322
0.152259
0.154049
0.146884
0.147781
0.146798
0.153501
0.145763
0.145303
0.149248
0.145805
0.145157
0.154028
0.156343
0.148084
0.147826
0.155215
0.147375
0.145816
0.145184
0.145766
0.145500
0.148032
0.143129
0.147692
0.148429
0.144124
0.154440
0.153557
0.146240
0.147347
0.148859
0.152177
0.144737
0.146043
0.147225
0.146472
0.148827
0.158962
0.142988
0.162433
0.154438
0.149447
0.148117
0.146611
0.145298
0.156026
0.150149
0.145865
0.151705
0.152950
0.146431
0.145827
0.152002
0.147361
0.155438
0.164840
0.147879
0.147955
0.148602
0.154232
0.146220
0.147457
0.148377
0.151137
0.147930
0.147001
0.150458
0.165575
0.146004
0.150038
0.152441
0.151417
0.157748
0.155266
0.149136
0.146460
0.146745
0.146055
0.159346
0.147791
0.147139
0.153579
0.167322
0.160626
0.148036
0.147605
0.156067
0.147583
0.149724
0.148251
0.145200
0.145554
0.146616
0.157328
0.147142
0.146315
0.149857
0.152348
0.146441
0.142440
0.146975
0.146540
0.166725
0.149672
0.147488
0.145024
0.149389
0.144792
0.156656
0.146168
0.146269
0.147594
0.147998
0.146459
0.147098
0.146111
0.145267
0.147562
0.147194
0.145971
0.151367
0.154561
0.146965
0.153607
0.148398
0.149762
0.148902
0.147362
0.147052
0.149756
0.153063
0.158766
0.145629
0.153921
0.148824
0.145927
0.150224
0.149548
0.151977
0.150010
0.148837
0.148137
0.146097
0.146614
0.158703
0.148231
0.147918
0.148605
0.145606
0.148588
0.149368
0.145079
0.150574
0.147550
0.146320
0.148397
0.153434
0.152968
0.151563
0.150093
0.146636
0.146135
0.148879
0.157005
0.148285
0.149862
0.150360
0.148360
0.148215
0.146508
0.145273
0.154934
0.147741
0.156759
0.146947
0.150664
0.155713
0.150662
0.148276
0.163929
0.149117
0.148176
0.148122
0.147129
0.155389
0.145290
0.148539
0.147375
0.159792
0.156525
0.149335
0.147080
0.144255
0.151002
0.148422
0.155867
0.145361
0.159606
0.146445
0.156425
0.148629
0.146408
0.156534
0.155018
0.151736
0.146518
0.147970
0.151594
0.148137
0.144621
0.151194
0.147614
0.146668
0.158490
0.155153
0.150059
0.163691
0.147629
0.147011
0.144051
0.144996
0.145493
0.147413
0.150183
0.161137
0.155250
0.150610
0.151007
0.152887
0.146888
0.144282
0.153934
0.152533
0.144674
0.146030
0.156765
0.148441
0.151075
0.144787
0.161688
0.151713
0.150321
0.145422
0.158043
0.146441
0.151269
0.149597
0.148587
0.141594
0.147672
0.150711
0.147757
0.147869
0.146191
0.146828
0.145440
0.153270
0.158977
0.145505
0.146603
0.142710
0.149556
0.151155
0.156581
0.151569
0.150248
0.141969
0.147539
0.148404
0.147885
0.146139
0.142442
0.148667
0.147967
0.149021
0.146763
0.144814
0.144080
0.146316
0.143615
0.149457
0.150081
0.145752
0.147035
0.145434
0.147907
0.145428
0.148145
0.150180
0.151862
0.160490
0.152527
0.149221
0.144827
0.148244
0.147541
0.150267
0.157723
0.147927
0.147422
0.146495
0.148986
0.148470
0.152850
0.148846
0.149691
0.154773
0.152954
0.155329
0.154811
0.145755
0.151472
0.146758
0.154629
0.156594
0.147213
0.153121
0.156593
0.151233
0.154025
0.155320
0.153004
0.154614
0.153952
0.151629
0.149987
0.151546
0.148551
0.148286
0.160385
0.153320
0.148821
0.145049
0.144069
0.156284
0.145245
0.149016
0.148271
0.146071
0.146867
0.157214
0.147317
0.146200
0.146040
0.148552
0.148090
0.148559
0.146183
0.152241
0.152110
0.145059
0.151269
0.151310
0.154675
0.147534
0.151867
0.146532
0.156457
0.157306
0.144834
0.148904
0.154957
0.149470
0.147180
0.150407
0.147198
0.151769
0.154026
0.154068
0.148185
0.154356
0.143563
0.145844
0.154275
0.148386
0.149019
0.145165
0.148006
0.148862
0.148891
0.145016
0.147232
0.158173
0.143292
0.148050
0.150317
0.146115
0.148205
0.145418
0.144248
0.155204
0.146712
0.144796
0.146440
0.147162
0.182817
0.149549
0.146267
0.143442
0.168459
0.146974
0.148645
0.145204
0.144172
0.145811
0.145838
0.149039
0.149530
0.153926
0.145550
0.146361
0.146661
0.144867
0.147453
0.152383
0.152858
0.145617
0.156431
0.150026
0.146773
0.147740
0.146173
0.155819
0.145783
0.144962
0.147269
0.146754
0.147838
0.153914
0.146782
0.149104
0.147283
0.145907
0.144824
0.144528
0.153768
0.152249
0.147038
0.146954
0.149352
0.145268
0.144449
0.148160
0.146397
0.147224
0.151370
0.149007
0.146484
0.146259
0.148332
0.148392
0.153357
0.153601
0.145142
0.157109
0.146642
0.146132
0.148034
0.153008
0.147650
0.147712
0.164391
0.147665
0.150985
0.150428
0.144736
0.149697
0.148088
0.149287
0.147782
0.145178
0.147470
0.150247
0.147456
0.155310
0.150778
0.146896
0.149001
0.146193
0.144807
0.146863
0.148877
0.147746
0.148109
0.150550
0.167019
0.146354
0.150310
0.152668
0.144522
0.143996
0.146496
0.146192
0.148649
0.146556
0.146629
0.159520
0.185177
0.148107
0.147562
0.147222
0.150325
0.145584
0.154640
0.148649
0.147251
0.149533
0.158657
0.147184
0.147202
0.156948
0.154224
0.158267
0.151668
0.143736
0.144268
0.168783
0.165358
0.150068
0.145234
0.144065
0.146609
0.169067
0.148028
0.147154
0.144813
0.147176
0.145506
0.146445
0.148180
0.149961
0.144904
0.143067
0.145436
0.167012
0.148839
0.146193
0.148993
0.145909
0.147326
0.144753
0.148341
0.149320
0.150865
0.146788
0.147725
0.147787
0.175431
0.147464
0.146562
0.149835
0.147492
0.150484
0.145512
0.144645
0.158016
0.147104
0.146125
0.151461
0.149029
0.148723
0.151007
0.147165
0.143229
0.147052
0.142809
0.160895
0.146112
0.165954
0.146969
0.155941
0.149012
0.154984
0.153148
0.158417
0.159217
0.157428
0.150035
0.151880
0.149177
0.145703
0.149286
0.150364
0.147365
0.160482
0.146551
0.149008
0.146637
0.148772
0.160953
0.170125
0.150809
0.152555
0.146955
0.163574
0.145697
0.152456
0.151079
0.163557
0.146090
0.147070
0.162133
0.153499
0.145327
0.147544
0.153715
0.145463
0.156515
0.151584
0.145290
0.152274
0.148728
0.148573
0.146105
0.144239
0.157137
0.148242
0.146504
0.145796
0.149629
0.151159
0.144267
0.145826
0.148944
0.148897
0.147820
0.147568
0.146052
0.154862
0.149238
0.148736
0.145521
0.146587
0.147926
0.150234
0.148155
0.147618
0.147744
0.149207
0.155269
0.145488
0.145264
0.152368
0.146554
0.144231
0.144928
0.144619
0.146973
0.158547
0.147210
0.143783
0.147416
0.144683
0.147498
0.146406
0.148590
0.143782
0.149966
0.148516
0.148813
0.174981
0.149478
0.144444
0.153380
0.151462
0.147103
0.165259
0.148284
0.149324
0.147637
0.151503
0.144511
0.146296
0.149582
0.152555
0.146975
0.148357
0.149901
0.148317
0.149339
0.142574
0.149791
0.146707
0.145878
0.148569
0.153348
0.150111
0.147748
0.147601
0.162064
0.145232
0.147095
0.152241
0.152444
0.148224
0.148640
0.146946
0.151752
0.147968
0.146446
0.147013
0.145858
0.147141
0.146818
0.153748
0.151221
0.150734
0.149393
0.147563
0.144725
0.149855
0.155287
0.146815
0.146447
0.147120
0.144759
0.148516
0.143506
0.152538
0.145390
0.146185
0.145433
0.146062
0.145911
0.148998
0.176171
0.155356
0.151970
0.157080
0.142771
0.143295
0.150211
0.146176
0.147947
0.148288
0.146796
0.145489
0.149313
0.154336
0.147892
0.155228
0.148386
0.147982
0.145566
0.146921
0.146896
0.156317
0.144956
0.145902
0.156728
0.152044
0.149577
0.144928
0.153804
0.147118
0.148863
0.147308
0.153981
0.143251
0.150601
0.159038
0.153803
0.146721
0.157518
0.156205
0.154930
0.159606
0.148632
0.148975
0.149909
0.149198
0.150719
0.150921
0.147732
0.148297
0.151079
0.151626
0.148661
0.148406
0.147442
0.148978
0.150519
0.151895
0.150797
0.151645
0.154377
0.144355
0.145645
0.149716
0.146602
0.145122
0.148049
0.145741
0.156022
0.153055
0.153516
0.153195
0.144707
0.144326
0.146560
0.147305
0.145497
0.151946
0.149957
0.147249
0.145588
0.157505
0.146723
0.154790
0.144900
0.154975
0.147783
0.145608
0.160737
0.144499
0.147165
0.145339
0.149300
0.147250
0.148527
0.144908
0.149142
0.150532
0.153795
0.146848
0.147469
0.147920
0.147720
0.153980
0.144638
0.146993
0.145892
0.148599
0.152502
0.143439
0.145332
0.150169
0.155402
0.150181
0.170201
0.147196
0.155171
0.146102
0.147269
0.144988
0.150206
0.149662
0.148267
0.177357
0.146142
0.145315
0.149030
0.144319
0.148219
