0.000133
0.000113
0.000114
0.000124
0.000120
0.000125
0.000130
0.000111
0.000116
0.000116
0.000119
0.000114
0.000148
0.000116
0.000129
0.000127
0.000125
0.000110
0.000125
0.000118
0.000111
0.000114
0.000134
0.000118
0.000124
0.000114
0.000120
0.000136
0.000151
0.000123
0.000149
0.000112
0.000110
0.000113
0.000146
0.000110
0.000124
0.000114
0.000126
0.000111
0.000134
0.000130
0.000116
0.000111
0.000120
0.000108
0.000122
0.000132
0.000103
0.000106
0.000124
0.000123
0.000115
0.000132
0.000117
0.000114
0.000114
0.000109
0.000117
0.000134
0.000117
0.000122
0.000125
0.000123
0.000129
0.000112
0.000113
0.000129
0.000112
0.000113
0.000108
0.000123
0.000123
0.000112
0.000132
0.000114
0.000136
0.000119
0.000118
0.000131
0.000119
0.000179
0.000130
0.000135
0.000110
0.000102
0.000136
0.000120
0.000116
0.000116
0.000132
0.000108
0.000117
0.000109
0.000152
0.000115
0.000114
0.000115
0.000118
0.000107
0.000127
0.000135
0.000120
0.000130
0.000115
0.000117
0.000126
0.000120
0.000114
0.000127
0.000105
0.000114
0.000129
0.000124
0.000127
0.000108
0.000132
0.000123
0.000130
0.000112
0.000108
0.000115
0.000125
0.000123
0.000128
0.000152
0.000128
0.000297
0.000149
0.000142
0.000111
0.000167
0.000139
0.000122
0.000108
0.000117
0.000119
0.000138
0.000111
0.000107
0.000113
0.000136
0.000118
0.000142
0.000105
0.000141
0.000128
0.000124
0.000130
0.000125
0.000117
0.000116
0.000142
0.000104
0.000116
0.000107
0.000117
0.000110
0.000126
0.000105
0.000155
0.000132
0.000113
0.000126
0.000111
0.000110
0.000123
0.000114
0.000107
0.000117
0.000129
0.000126
0.000122
0.000122
0.000111
0.000129
0.000113
0.000117
0.000152
0.000108
0.000112
0.000229
0.000120
0.000117
0.000124
0.000152
0.000138
0.000113
0.000127
0.000108
0.000103
0.000123
0.000114
0.000148
0.000115
0.000115
0.000109
0.000117
0.000141
0.000116
0.000117
0.000128
0.000124
0.000120
0.000147
0.000133
0.000109
0.000150
0.000116
0.000119
0.000122
0.000120
0.000120
0.000097
0.000130
0.000126
0.000130
0.000125
0.000122
0.000121
0.000142
0.000148
0.000112
0.000134
0.000128
0.000121
0.000111
0.000128
0.000143
0.000111
0.000122
0.000104
0.000141
0.000106
0.000127
0.000127
0.000125
0.000114
0.000133
0.000146
0.000132
0.000115
0.000124
0.000120
0.000114
0.000112
0.000109
0.000150
0.000122
0.000122
0.000125
0.000154
0.000118
0.000109
0.000119
0.000140
0.000123
0.000167
0.000126
0.000134
0.000126
0.000115
0.000118
0.000118
0.000119
0.000114
0.000124
0.000139
0.000113
0.000127
0.000127
0.000119
0.000122
0.000119
0.000120
0.000138
0.000136
0.000124
0.000106
0.000112
0.000117
0.000128
0.000213
0.000116
0.000115
0.000123
0.000133
0.000123
0.000135
0.000121
0.000117
0.000118
0.000119
0.000119
0.000122
0.000120
0.000115
0.000119
0.000144
0.000135
0.000117
0.000114
0.000129
0.000122
0.000116
0.000120
0.000116
0.000139
0.000110
0.000101
0.000109
0.000117
0.000117
0.000138
0.000131
0.000125
0.000123
0.000131
0.000136
0.000137
0.000126
0.000117
0.000153
0.000140
0.000126
0.000143
0.000123
0.000121
0.000120
0.000116
0.000130
0.000104
0.000121
0.000110
0.000109
0.000308
0.000117
0.000119
0.000106
0.000134
0.000097
0.000127
0.000119
0.000129
0.000114
0.000145
0.000122
0.000129
0.000120
0.000119
0.000128
0.000118
0.000113
0.000124
0.000127
0.000123
0.000120
0.000109
0.000118
0.000140
0.000119
0.000130
0.000120
0.000124
0.000119
0.000128
0.000105
0.000139
0.000107
0.000118
0.000125
0.000140
0.000132
0.000117
0.000157
0.000135
0.000100
0.000133
0.000106
0.000107
0.000111
0.000126
0.000106
0.000112
0.000108
0.000121
0.000111
0.000115
0.000119
0.000116
0.000132
0.000115
0.000143
0.000121
0.000111
0.000134
0.000126
0.000127
0.000135
0.000113
0.000105
0.000296
0.000172
0.000126
0.000114
0.000121
0.000120
0.000134
0.000124
0.000130
0.000115
0.000137
0.000100
0.000115
0.000119
0.000117
0.000136
0.000109
0.000120
0.000115
0.000115
0.000110
0.000122
0.000113
0.000113
0.000117
0.000140
0.000122
0.000115
0.000119
0.000122
0.000118
0.000122
0.000154
0.000106
0.000130
0.000126
0.000122
0.000132
0.000110
0.000135
0.000133
0.000132
0.000119
0.000108
0.000147
0.000257
0.000992
0.000127
0.000116
0.000126
0.000119
0.000117
0.000116
0.000123
0.000112
0.000109
0.000131
0.000125
0.000116
0.000106
0.000107
0.000145
0.000113
0.000109
0.000135
0.000110
0.000137
0.000135
0.000106
0.000148
0.000125
0.000116
0.000118
0.000109
0.000119
0.000129
0.000128
0.000127
0.000103
0.000127
0.000131
0.000115
0.000121
0.000114
0.000104
0.000139
0.000121
0.000125
0.000122
0.000138
0.000127
0.000122
0.000130
0.000119
0.000121
0.000117
0.000114
0.000535
0.000128
0.000130
0.000112
0.000114
0.000110
0.000122
0.000116
0.000128
0.000136
0.000128
0.000127
0.000116
0.000168
0.000130
0.000117
0.000143
0.000160
0.000133
0.000124
0.000109
0.000127
0.000120
0.000109
0.000110
0.000110
0.000123
0.000117
0.000134
0.000132
0.000141
0.000125
0.000119
0.000114
0.000134
0.000134
0.000116
0.000107
0.000128
0.000101
0.000122
0.000111
0.000121
0.000130
0.000141
0.000116
0.000126
0.000137
0.000123
0.000154
0.000119
0.000116
0.000142
0.000113
0.000118
0.000120
0.000111
0.000108
0.000113
0.000113
0.000110
0.000133
0.000127
0.000115
0.000109
0.000131
0.000118
0.000121
0.000131
0.000116
0.000154
0.000129
0.000105
0.000118
0.000128
0.000124
0.000129
0.000118
0.000137
0.000167
0.000125
0.000134
0.000122
0.000122
0.000126
0.000113
0.000113
0.000123
0.000134
0.000114
0.000115
0.000112
0.000130
0.000128
0.000137
0.000126
0.000133
0.000122
0.000110
0.000110
0.000122
0.000111
0.000121
0.000135
0.000192
0.000116
0.000123
0.000133
0.000125
0.000118
0.000122
0.000211
0.000137
0.000113
0.000121
0.000136
0.000926
0.000131
0.000127
0.000116
0.000144
0.000106
0.000117
0.000124
0.000110
0.000140
0.000135
0.000110
0.000126
0.000108
0.000129
0.000139
0.000127
0.000112
0.000103
0.000156
0.000122
0.000119
0.000130
0.000120
0.000129
0.000112
0.000128
0.000115
0.000113
0.000140
0.000129
0.000122
0.000127
0.000112
0.000123
0.000132
0.000126
0.000106
0.000137
0.000118
0.000131
0.000122
0.000120
0.000116
0.000130
0.000122
0.000120
0.000120
0.000761
0.000117
0.000116
0.000094
0.000111
0.000125
0.000119
0.000112
0.000119
0.000108
0.000118
0.000125
0.000102
0.000122
0.000117
0.000159
0.000121
0.000120
0.000123
0.000120
0.000116
0.000124
0.000130
0.000125
0.000121
0.000143
0.000128
0.000108
0.000113
0.000126
0.000115
0.000129
0.000116
0.000125
0.000127
0.000116
0.000132
0.000121
0.000132
0.000116
0.000119
0.000134
0.000123
0.000117
0.000111
0.000122
0.000112
0.000117
0.000120
0.000114
0.000123
0.000118
0.000133
0.000115
0.000124
0.000099
0.000115
0.000117
0.000100
0.000111
0.000103
0.000124
0.000120
0.000119
0.000116
0.000108
0.000115
0.000109
0.000129
0.000115
0.000111
0.000147
0.000122
0.000169
0.000142
0.000111
0.000110
0.000115
0.000142
0.000108
0.000119
0.000123
0.000133
0.000118
0.000129
0.000120
0.000128
0.000127
0.000113
0.000116
0.000111
0.000118
0.000110
0.000124
0.000126
0.000136
0.000559
0.000137
0.000133
0.000130
0.000106
0.000128
0.000153
0.000129
0.000115
0.000129
0.000127
0.000115
0.000133
0.000109
0.000116
0.000117
0.000142
0.000114
0.000107
0.000105
0.000125
0.000113
0.000123
0.000115
0.000186
0.000106
0.000117
0.000117
0.000124
0.000131
0.000123
0.000110
0.000130
0.000121
0.000107
0.000113
0.000113
0.000268
0.000112
0.000122
0.000125
0.000115
0.000266
0.000122
0.000117
0.000122
0.000152
0.000125
0.000135
0.000119
0.000105
0.000117
0.000118
0.000137
0.000119
0.000126
0.000122
0.000114
0.000121
0.000111
0.000114
0.000113
0.000134
0.000132
0.000115
0.000121
0.000117
0.000132
0.000103
0.000138
0.000119
0.000102
0.000115
0.000109
0.000112
0.000128
0.000114
0.000123
0.000144
0.000125
0.000130
0.000130
0.000120
0.000110
0.000099
0.000109
0.000118
0.000134
0.000139
0.000280
0.000113
0.000117
0.000131
0.000118
0.000112
0.000114
0.000111
0.000112
0.000131
0.000135
0.000121
0.000119
0.000114
0.000134
0.000144
0.000131
0.000125
0.000123
0.000118
0.000120
0.000130
0.000116
0.000123
0.000114
0.000116
0.000135
0.000120
0.000113
0.000108
0.000124
0.000113
0.000134
0.000118
0.000114
0.000112
0.000110
0.000124
0.000115
0.000105
0.000126
0.000106
0.000111
0.000118
0.000127
0.000108
0.000104
0.000148
0.000117
0.000124
0.000128
0.000104
0.000119
0.000105
0.000113
0.000106
0.000117
0.000101
0.000132
0.000137
0.000123
0.000126
0.000135
0.000115
0.000149
0.000139
0.000105
0.000124
0.000109
0.000107
0.000145
0.000131
0.000121
0.000112
0.000133
0.000115
0.000119
0.000124
0.000149
0.000108
0.000117
0.000103
0.000120
0.000134
0.000371
0.000112
0.000123
0.000118
0.000109
0.000109
0.000137
0.000118
0.000115
0.000144
0.000115
0.000142
0.000136
0.000128
0.000113
0.000099
0.000110
0.000110
0.000128
0.000125
0.000106
0.000129
0.000124
0.000144
0.000108
0.000131
0.000107
0.000118
0.000123
0.000112
0.000126
0.000116
0.000127
0.000112
0.000141
0.000121
0.000131
0.000103
0.000108
0.000120
0.000115
0.000140
0.000140
0.000115
0.000113
0.000156
0.000118
0.000108
0.000116
0.000129
0.000115
0.000129
0.000118
0.000117
0.000128
0.000120
0.000103
0.000139
0.000118
0.000115
0.000122
0.000137
0.000134
0.000133
0.000123
0.000119
0.000154
0.000117
0.000118
