0.166115
0.146739
0.145353
0.152709
0.164973
0.144336
0.148170
0.144632
0.148146
0.146641
0.145609
0.143158
0.149941
0.145482
0.151660
0.148190
0.145465
0.145375
0.150343
0.146541
0.147429
0.147492
0.153280
0.153184
0.154115
0.143990
0.152459
0.146939
0.148008
0.145833
0.145351
0.150051
0.153216
0.153929
0.166890
0.151086
0.159800
0.148151
0.154847
0.145055
0.146881
0.156980
0.149277
0.152030
0.153675
0.148802
0.146093
0.147425
0.157866
0.144016
0.142713
0.148649
0.148877
0.147281
0.156171
0.147629
0.145809
0.146425
0.153118
0.149373
0.151141
0.145208
0.146303
0.143597
0.148456
0.147209
0.145497
0.164190
0.152140
0.145268
0.148145
0.147103
0.151731
0.144904
0.146952
0.146198
0.145464
0.148160
0.146446
0.146795
0.155065
0.143773
0.146641
0.146237
0.143765
0.153920
0.147945
0.146346
0.147367
0.157359
0.147059
0.145536
0.157551
0.149912
0.147823
0.146629
0.145514
0.147723
0.152557
0.143690
0.153439
0.146720
0.145872
0.156059
0.146517
0.144357
0.146967
0.145145
0.146018
0.153785
0.149555
0.155267
0.147851
0.161143
0.148414
0.150575
0.144356
0.146917
0.147614
0.150082
0.161391
0.150714
0.147201
0.150788
0.154591
0.153067
0.149226
0.151843
0.146676
0.147856
0.144260
0.149586
0.143206
0.151838
0.144540
0.154314
0.148677
0.168730
0.156377
0.154662
0.148597
0.149503
0.150470
0.144306
0.156436
0.151009
0.151957
0.153752
0.146582
0.147476
0.146514
0.153213
0.145446
0.145030
0.148965
0.145531
0.144871
0.153745
0.156044
0.147792
0.147500
0.154911
0.147088
0.145519
0.144904
0.145488
0.145205
0.147747
0.142854
0.147407
0.148127
0.143831
0.154090
0.153262
0.145960
0.147050
0.148576
0.151889
0.144415
0.145769
0.146941
0.146076
0.148534
0.158672
0.142697
0.161452
0.154109
0.149168
0.147815
0.146333
0.145029
0.155727
0.149866
0.145548
0.151418
0.152663
0.146153
0.145543
0.151528
0.146360
0.155149
0.164527
0.147588
0.147665
0.148280
0.153928
0.145941
0.147136
0.148094
0.150849
0.147636
0.146714
0.150167
0.165308
0.145705
0.149741
0.152140
0.151121
0.157454
0.154972
0.148824
0.146142
0.146451
0.145749
0.159046
0.147499
0.146861
0.153274
0.167003
0.160344
0.147753
0.147332
0.155741
0.147308
0.149425
0.147955
0.144904
0.145251
0.146297
0.156255
0.146841
0.146032
0.149564
0.152058
0.146157
0.142163
0.146694
0.146173
0.166434
0.149378
0.147196
0.144711
0.149101
0.144517
0.156346
0.145858
0.145980
0.147256
0.147706
0.146131
0.146801
0.145827
0.144983
0.147273
0.146904
0.145685
0.151072
0.154251
0.146543
0.153314
0.148099
0.149478
0.148610
0.147070
0.146764
0.149448
0.152755
0.158464
0.145354
0.153626
0.148536
0.145631
0.149835
0.149244
0.151695
0.149709
0.148536
0.147845
0.145792
0.146326
0.158414
0.147945
0.147629
0.148314
0.145316
0.148296
0.149085
0.144797
0.150249
0.147245
0.146030
0.148114
0.153134
0.152673
0.151274
0.149806
0.146350
0.145826
0.148591
0.156736
0.148003
0.149571
0.150050
0.148054
0.147915
0.146214
0.144980
0.154637
0.147438
0.156447
0.146654
0.150379
0.155386
0.150341
0.147980
0.163617
0.148820
0.147881
0.147833
0.146844
0.155085
0.145018
0.148020
0.147093
0.159514
0.155992
0.148910
0.146790
0.143981
0.150694
0.148153
0.155557
0.145072
0.159309
0.146159
0.156099
0.148339
0.146106
0.156243
0.154728
0.151437
0.146226
0.147684
0.151297
0.147825
0.144331
0.150901
0.147339
0.146376
0.158174
0.154863
0.149759
0.163395
0.147335
0.146726
0.143759
0.144723
0.145184
0.147139
0.149895
0.160841
0.154941
0.150310
0.150715
0.152561
0.146583
0.144014
0.153634
0.152258
0.144403
0.145749
0.156466
0.148107
0.150796
0.144512
0.161394
0.151432
0.150035
0.145139
0.157757
0.146136
0.150988
0.149281
0.148299
0.141305
0.147368
0.150176
0.147460
0.147560
0.145909
0.146557
0.144977
0.152923
0.158679
0.145224
0.146316
0.142426
0.149250
0.150859
0.154581
0.151277
0.149926
0.141706
0.147254
0.148117
0.147598
0.145832
0.142168
0.148375
0.147685
0.148735
0.146482
0.144525
0.143798
0.146038
0.143329
0.149147
0.149787
0.145472
0.146744
0.145149
0.147620
0.145136
0.147808
0.149909
0.151561
0.160194
0.152230
0.148918
0.144547
0.147940
0.147234
0.149966
0.157434
0.147650
0.147106
0.146071
0.147816
0.148174
0.152562
0.148543
0.149390
0.154484
0.152666
0.155036
0.154483
0.145480
0.151168
0.146464
0.154338
0.156313
0.146941
0.152805
0.156308
0.150951
0.153717
0.155037
0.152696
0.154308
0.153676
0.151311
0.149688
0.151255
0.148255
0.148006
0.160092
0.153017
0.148519
0.144751
0.143802
0.155983
0.144943
0.148729
0.147981
0.145786
0.146596
0.156905
0.147020
0.145893
0.145748
0.148246
0.147793
0.148265
0.145881
0.151952
0.151818
0.144778
0.150985
0.150601
0.154377
0.147234
0.151590
0.146234
0.156174
0.157013
0.144554
0.148605
0.154648
0.149170
0.146885
0.150119
0.146849
0.151453
0.153739
0.153751
0.147850
0.154051
0.143271
0.145566
0.153973
0.148095
0.148738
0.144890
0.147725
0.148570
0.148607
0.144706
0.146930
0.157855
0.143000
0.147760
0.150033
0.145816
0.147903
0.145136
0.143974
0.154905
0.146447
0.144510
0.146161
0.146874
0.182513
0.149239
0.145981
0.143150
0.168154
0.146680
0.148318
0.144918
0.143892
0.145500
0.145553
0.148749
0.149239
0.153644
0.145273
0.146083
0.146379
0.144590
0.147143
0.152082
0.152568
0.145272
0.156126
0.149739
0.146484
0.147437
0.145891
0.155421
0.145484
0.144690
0.146976
0.146459
0.147463
0.153613
0.146494
0.148792
0.146947
0.145616
0.144523
0.144236
0.153474
0.151937
0.146761
0.146668
0.149056
0.144953
0.144164
0.147876
0.146107
0.146927
0.151067
0.148700
0.146192
0.145959
0.148039
0.148109
0.152999
0.153304
0.144867
0.156818
0.146326
0.145777
0.147745
0.152716
0.147349
0.147420
0.164100
0.147370
0.150607
0.150123
0.144457
0.149401
0.147779
0.148193
0.147482
0.144886
0.147191
0.149933
0.147180
0.155021
0.150478
0.146615
0.148687
0.145888
0.144529
0.146566
0.148603
0.147419
0.147798
0.150254
0.166735
0.146084
0.149984
0.152371
0.144234
0.143696
0.146209
0.145893
0.148369
0.146258
0.146349
0.159230
0.184858
0.147808
0.147270
0.146929
0.150043
0.145297
0.154337
0.148354
0.146980
0.149224
0.158368
0.146878
0.146910
0.156659
0.153902
0.157964
0.151373
0.143448
0.143981
0.167848
0.165063
0.149780
0.144973
0.143791
0.146310
0.168779
0.147746
0.146866
0.144535
0.146871
0.145152
0.146179
0.147886
0.149675
0.144499
0.142782
0.145146
0.166717
0.148551
0.145913
0.148699
0.145611
0.147031
0.144465
0.148030
0.149020
0.150586
0.146508
0.147432
0.147502
0.175126
0.147175
0.146267
0.149542
0.147207
0.150178
0.145058
0.144342
0.157732
0.146817
0.145821
0.151168
0.148745
0.148446
0.150715
0.146635
0.142935
0.146761
0.142532
0.160598
0.145826
0.165648
0.146688
0.155643
0.148739
0.154697
0.152855
0.158147
0.158934
0.157154
0.149699
0.151587
0.148874
0.145405
0.149007
0.150078
0.147091
0.160182
0.146266
0.148733
0.146319
0.148480
0.160609
0.169762
0.150528
0.152276
0.146667
0.163201
0.145403
0.152165
0.150785
0.163256
0.145788
0.146769
0.161834
0.153197
0.145033
0.147265
0.153431
0.145187
0.156223
0.151305
0.145003
0.151977
0.148423
0.147840
0.145798
0.143946
0.156822
0.147954
0.146211
0.145473
0.149327
0.150865
0.143954
0.145531
0.148658
0.148592
0.147546
0.147283
0.145764
0.154547
0.148951
0.148458
0.145250
0.146291
0.147640
0.149938
0.147871
0.147264
0.147470
0.148920
0.154976
0.145200
0.144961
0.152069
0.146279
0.143934
0.144640
0.144345
0.146694
0.158261
0.146771
0.143500
0.147109
0.144390
0.147218
0.145967
0.148298
0.143497
0.149678
0.148199
0.148516
0.174671
0.149187
0.144172
0.153090
0.151168
0.146794
0.164967
0.147986
0.149031
0.147353
0.151211
0.144235
0.146001
0.149299
0.152252
0.146673
0.148070
0.149543
0.148030
0.149038
0.142307
0.149468
0.146415
0.145607
0.148280
0.153066
0.149829
0.147447
0.147317
0.161766
0.144874
0.146803
0.151937
0.152146
0.147849
0.148357
0.146678
0.151471
0.147683
0.146144
0.146690
0.145409
0.146858
0.146530
0.153442
0.150915
0.150449
0.149110
0.147282
0.144447
0.149553
0.154979
0.146481
0.146159
0.146836
0.144458
0.148198
0.143212
0.152242
0.145099
0.145901
0.145119
0.145767
0.145632
0.148707
0.175886
0.155069
0.151666
0.156785
0.142490
0.143009
0.149916
0.145893
0.147639
0.148001
0.146516
0.145197
0.149036
0.154040
0.147573
0.154912
0.148088
0.147702
0.145289
0.146636
0.146599
0.156040
0.144688
0.145584
0.156441
0.151754
0.149281
0.144657
0.153514
0.146849
0.148576
0.147035
0.153693
0.142983
0.150300
0.158729
0.153508
0.146427
0.157213
0.155912
0.154610
0.159293
0.148357
0.148677
0.149629
0.148839
0.150405
0.150586
0.147442
0.148013
0.150776
0.151343
0.148375
0.148110
0.147123
0.148699
0.150230
0.151623
0.150507
0.151345
0.153819
0.144076
0.145354
0.149425
0.146331
0.144845
0.147741
0.145455
0.155734
0.152667
0.153228
0.152871
0.144401
0.144032
0.146281
0.147044
0.145218
0.151601
0.149657
0.146956
0.145282
0.157204
0.146423
0.154478
0.144625
0.154674
0.147511
0.145322
0.160440
0.144221
0.146795
0.145051
0.149002
0.146967
0.148220
0.144621
0.148840
0.150258
0.153518
0.146560
0.147188
0.147608
0.147411
0.153698
0.144360
0.146669
0.145607
0.148321
0.152217
0.143147
0.145048
0.149865
0.155102
0.149879
0.169900
0.146906
0.154898
0.145639
0.146980
0.144710
0.149900
0.149362
0.147964
0.177051
0.145847
0.145029
0.148561
0.144037
0.147928
