1.179632
1.071474
1.463644
1.396520
1.395832
1.456878
1.307104
1.879033
1.890383
1.579487
1.193852
1.150891
1.422772
1.271739
1.310299
1.287485
1.102515
1.074954
1.097774
1.474374
1.506044
1.235356
0.977537
1.233784
1.174420
1.086508
1.229840
1.186202
1.068203
1.058924
1.224547
1.613155
1.391522
1.109307
1.244257
1.294239
1.208674
1.293322
1.037196
1.227043
1.309464
1.398767
1.429243
0.980845
0.960630
1.170921
1.234465
1.273729
1.559826
1.407298
1.578294
1.634321
1.412375
1.302844
1.033093
1.997665
1.144410
1.344056
1.185977
1.416833
1.445551
1.668977
1.516794
1.117854
1.240310
1.260892
1.104870
1.205530
1.036086
1.511830
1.224650
1.270310
1.688309
1.078620
1.051359
1.096165
1.081910
1.495795
1.180537
1.161235
1.377523
1.508814
1.089976
1.503757
1.299526
1.465076
1.303580
1.199092
1.055943
1.643305
1.171247
1.051318
1.216782
1.651522
1.366000
1.325921
1.391877
1.041519
1.018896
1.625142
1.286243
1.122095
1.268350
1.348199
1.227331
1.230992
1.354560
1.050267
1.609314
1.809243
1.566630
1.349635
1.029099
1.278740
1.166852
1.397602
1.116073
1.073339
1.325539
1.157215
1.020750
1.030304
1.381963
1.353919
1.652793
1.062250
1.171825
1.391444
1.262249
1.483451
1.204608
1.005414
1.298255
1.199541
1.275827
0.975516
1.350251
1.150345
1.092966
1.198947
1.637142
1.204747
1.280097
1.577071
1.159726
1.911470
1.337603
1.904941
1.293697
1.167543
2.019473
1.131289
1.390753
1.207994
1.619609
1.076487
1.168479
1.020687
1.053133
1.257009
1.336479
1.477753
1.280257
1.020127
0.992200
1.052062
1.639111
0.994895
1.314654
1.253721
1.805302
1.793006
1.247788
1.557870
1.349124
1.492963
1.426277
1.433714
1.420582
1.847661
1.068139
1.267543
1.116498
1.114386
1.049705
1.241119
1.293619
1.121505
1.395575
1.046844
1.077427
1.538587
1.044823
0.967330
1.323661
1.510895
1.102631
1.397240
1.048372
1.248585
1.190518
1.133020
0.970216
1.033085
1.049898
1.144835
1.335934
1.183041
1.005987
1.243514
1.135492
1.303303
1.739877
1.263992
1.412065
1.522016
1.134426
1.592625
1.381706
1.082555
1.526133
1.588435
1.551582
1.404431
1.041288
1.245286
1.379089
1.553869
1.126179
1.389140
1.107678
1.144859
1.191417
1.116343
1.286400
1.024834
1.045169
1.044874
1.407443
1.115293
1.488382
1.183407
0.960741
1.563502
1.004369
1.166472
1.229240
1.033112
1.039526
1.118240
1.170091
1.425900
1.374063
1.381823
1.301631
1.057499
1.346759
1.351956
1.216709
1.497208
1.235559
1.101539
1.148408
1.365319
1.041115
1.021408
1.314404
1.526414
1.172356
1.435552
1.053525
1.632916
1.034582
1.549574
1.394226
0.971669
1.175336
1.217406
1.089415
1.192116
1.492175
1.175144
1.154936
1.144534
1.024433
1.557929
1.195618
1.280476
1.284007
1.208232
1.231460
1.066910
1.545869
1.567062
1.404278
1.270642
1.266989
1.118527
1.442116
1.472113
1.144800
1.490632
1.021771
1.297308
1.043833
1.049661
1.058807
1.005766
1.398706
1.171890
1.275507
1.214490
1.092307
1.326983
1.399084
1.287808
1.316837
1.076723
1.118443
1.535218
1.276848
1.050034
1.223008
1.267206
1.095302
1.486882
1.446647
0.963464
1.042039
1.217814
1.079999
1.045649
1.023966
1.138139
1.249149
1.091331
1.273873
1.272102
1.020451
0.982081
1.387813
1.464746
1.180572
1.269160
1.158295
1.271478
0.989902
1.117210
1.338969
1.326376
1.118503
1.858935
1.389996
1.109249
1.266576
1.226647
1.008333
1.217522
1.029447
1.078274
1.306987
1.146916
1.004575
1.067531
1.402215
1.127216
1.341499
1.114080
1.404574
0.979467
1.453151
1.149522
1.046211
1.418654
1.188047
1.216721
1.425190
1.201078
1.772442
1.074535
1.282588
1.026443
1.474336
1.164838
1.381400
1.579350
1.076033
1.068886
1.315586
1.094315
1.707029
1.088567
1.179099
1.047067
0.975261
1.098389
1.228173
1.366661
1.214733
0.971827
1.099211
1.030593
1.331298
1.071685
1.121633
2.097654
1.467104
1.306076
1.077169
1.344284
1.099985
1.165982
2.333782
1.497095
1.258125
1.317856
1.557199
1.526259
1.657429
1.381089
1.531523
1.468804
1.480102
1.196023
1.008539
1.382518
1.559296
1.202794
1.068955
1.080546
1.118682
1.165295
1.363351
1.218174
1.391995
1.353626
1.150933
1.299562
1.087628
1.600112
1.185664
1.061476
1.654983
1.527951
1.381738
0.994309
1.138809
1.556053
1.132597
1.060360
1.299521
2.323201
1.499091
1.087622
2.167381
1.013725
2.688190
1.213091
1.396196
1.626917
1.466910
1.510065
1.285419
1.133754
1.037995
1.205157
0.998664
1.340393
1.380138
0.962423
1.403141
1.085734
1.225096
1.391703
1.530958
1.211568
1.335966
1.388352
1.080464
1.126545
1.075046
1.308394
1.779451
1.653815
1.471919
1.100468
1.566280
1.136304
1.788950
1.455143
1.102276
1.086219
1.357838
1.030903
1.056153
1.111998
1.082835
1.042538
1.516381
1.246551
1.322702
1.188422
1.228394
1.055738
1.154708
0.964405
1.491625
1.194877
1.097803
1.326554
1.193368
1.764269
1.147939
1.025343
1.035360
1.123579
1.678913
1.129485
1.062690
1.348298
1.137342
1.531574
1.070360
1.062363
1.042456
1.125772
1.269604
1.402423
1.424983
1.717153
1.161302
1.136776
1.127313
1.538571
1.697128
1.259768
1.400936
0.999679
1.123563
1.351306
1.220949
1.405048
1.092762
1.271567
1.321002
1.194156
1.273602
1.346595
1.085712
1.174769
1.458137
0.994680
1.115892
1.345657
1.052124
1.111768
1.024264
1.277506
1.236889
1.193947
1.195034
1.797633
1.259453
1.532337
1.163844
1.248142
1.084791
1.558334
1.248619
1.495880
1.548748
1.331478
1.254991
1.117768
1.204377
1.669340
1.452446
1.198338
1.017574
1.515492
0.984346
1.041859
1.364117
1.164039
1.080350
1.396121
1.140957
1.122489
1.276829
1.058557
1.391767
1.111551
1.511764
1.644047
1.202753
1.067302
1.068197
1.058397
1.223492
1.386992
1.033266
2.123297
1.203887
1.108347
1.066215
1.223574
1.125095
1.219872
1.567064
1.709576
1.449601
1.222424
1.074456
0.952607
1.320772
1.344716
1.194104
1.123955
1.237114
1.255017
1.174520
1.069026
1.804433
1.044172
1.146175
1.085497
1.297481
1.190583
1.445504
1.226719
1.331861
1.232468
1.165502
1.137438
1.653633
1.353213
1.420198
1.505415
1.532784
1.135032
1.249583
1.112194
1.010357
1.143339
1.199918
1.405582
1.263489
1.136050
1.117303
1.532184
1.305343
1.031937
1.017640
1.260464
1.071686
1.657622
1.649137
1.257317
1.359632
1.579251
1.404262
1.160422
1.736648
1.021116
1.236419
1.942261
1.670313
1.956441
1.137667
1.405169
1.100809
1.016065
1.400426
1.089169
1.610291
1.109714
1.327262
1.514681
1.401138
1.673858
1.444100
1.205049
1.002568
1.184395
1.168005
1.174742
1.022503
1.238609
0.999278
1.243552
1.078498
1.379720
1.222253
1.086587
1.332409
2.050827
1.255827
1.530817
1.144308
1.106427
1.237860
1.288176
1.466180
1.066039
1.197010
1.677571
1.176983
1.281116
1.312325
1.067870
1.431293
1.785767
1.369825
1.070968
1.265684
1.504257
1.366585
1.118493
1.593567
1.117985
1.087879
1.192944
1.191873
1.092735
1.194166
0.993655
1.299092
1.608657
1.202931
1.006068
1.036327
1.327855
1.143178
1.725232
1.518911
1.225544
1.353630
1.441184
1.251542
1.452146
1.064168
1.363658
1.508111
1.340943
1.317567
1.322599
1.482713
1.316255
1.498994
1.329201
1.148751
1.283886
1.716653
1.240582
1.106239
1.455381
1.436451
1.790597
1.106106
1.294787
1.061474
1.191901
1.635893
1.287265
1.520900
1.014227
2.060302
1.120756
1.292861
1.028944
1.810928
1.724091
1.028384
1.652925
1.205573
1.408806
1.189813
1.762530
1.011364
1.102349
1.166918
1.608001
1.090518
1.945618
1.543912
1.116458
1.174066
1.066564
1.113578
2.039038
1.459655
1.123921
1.053886
1.203142
0.987406
1.164608
1.088832
1.418056
1.048247
1.374499
2.005087
1.280689
1.102549
1.061647
1.027461
1.625257
1.487971
0.961867
1.064843
1.365320
1.696592
1.025685
1.686124
1.108360
1.205986
1.012611
1.417734
1.158398
1.280760
1.305174
1.056638
1.242573
1.291972
1.009862
1.411912
1.015903
1.059174
1.508978
1.189354
1.127010
1.919190
1.662453
1.565811
1.210406
1.360420
1.205413
0.975031
1.023454
1.246671
1.627496
1.038294
1.126642
1.505814
1.030492
1.094044
1.030189
1.178968
1.487861
1.272461
1.428952
1.057932
1.167485
1.521126
1.162117
1.336706
1.395208
1.663856
1.103231
1.170777
1.387245
1.379668
1.391303
1.261009
1.493285
1.490581
1.831665
0.980201
1.245111
1.571971
1.338724
1.249260
1.244826
1.407830
1.452785
1.314969
1.476972
1.026031
1.572721
1.020909
1.087364
1.406936
1.502576
1.213390
1.571107
1.282327
1.062568
1.260512
1.101240
1.211903
1.649626
1.147953
1.644029
1.083322
1.124528
1.035209
1.708243
1.101504
0.980317
1.098944
1.049998
1.533298
1.002676
0.976585
1.471797
1.268705
1.109624
1.065610
1.016983
1.031494
1.332050
1.117515
1.262241
1.168052
1.447737
1.113768
1.384210
1.306911
1.607132
1.237138
1.346480
1.080302
1.316817
1.221778
1.551930
1.244622
1.446467
1.261618
1.276498
1.090109
1.221279
1.180063
1.501458
1.196014
1.247514
1.139177
1.552237
1.027737
1.304637
1.165867
1.001529
1.153593
1.318966
1.586635
1.286674
1.123145
1.031995
1.339226
1.531949
1.497359
1.403565
1.388460
1.093798
1.062328
1.157162
1.136563
1.337623
1.539698
1.061324
1.635917
1.134668
1.900174
1.139354
1.341636
1.260551
1.568783
2.109385
1.756269
1.174454
1.774075
1.083656
1.216925
1.455667
1.512103
1.208516
1.344425
1.159301
1.064413
1.135595
1.329488
1.305045
1.030194
1.012987
1.333848
1.331239
1.519058
1.552166
1.021103
1.369211
0.983170
1.413606
1.724325
1.066002
1.347941
1.001253
1.486966
0.983987
1.309959
1.377667
0.980034
0.997480
