0.347378
0.239470
0.648975
0.575007
0.550659
0.632547
0.494380
1.084889
1.065651
0.727975
0.372844
0.307560
0.616988
0.460309
0.485511
0.459990
0.299897
0.259463
0.285773
0.675741
0.698334
0.407036
0.170549
0.410185
0.355676
0.289124
0.407417
0.381925
0.247838
0.254328
0.433134
0.780548
0.586233
0.294771
0.419597
0.473028
0.385671
0.476242
0.229590
0.419705
0.497433
0.526252
0.627595
0.160900
0.144224
0.355199
0.425761
0.465638
0.736384
0.595842
0.771222
0.813638
0.586474
0.500119
0.225177
1.188321
0.319928
0.536743
0.368366
0.615750
0.639253
0.843635
0.713657
0.301611
0.438028
0.456235
0.292300
0.382574
0.215319
0.700063
0.415406
0.462460
0.881864
0.272728
0.236230
0.280001
0.264230
0.681771
0.373499
0.363066
0.561489
0.688866
0.275013
0.692501
0.492061
0.655663
0.482009
0.387523
0.254901
0.828320
0.365029
0.234535
0.402367
0.841011
0.536209
0.508703
0.586064
0.191988
0.203348
0.836035
0.471265
0.315994
0.467962
0.513999
0.411720
0.421650
0.555366
0.248849
0.786755
0.996908
0.744885
0.492425
0.204673
0.462848
0.346622
0.552304
0.290351
0.244747
0.502357
0.333539
0.175130
0.221495
0.569849
0.542399
0.840032
0.247403
0.328897
0.561666
0.450281
0.670592
0.384885
0.174362
0.501631
0.356561
0.469405
0.160879
0.527097
0.330033
0.283139
0.387286
0.834193
0.393576
0.451847
0.790663
0.314096
1.107476
0.527520
1.064997
0.471990
0.368739
1.217012
0.324627
0.583225
0.402968
0.809532
0.282805
0.350107
0.199027
0.233894
0.433443
0.541652
0.658471
0.469382
0.217221
0.192106
0.249716
0.845398
0.190656
0.501219
0.424204
0.998545
1.001469
0.382491
0.730713
0.538977
0.684394
0.618084
0.605154
0.618210
1.053134
0.256003
0.440320
0.299128
0.274768
0.250497
0.419153
0.452773
0.299698
0.585162
0.238697
0.278192
0.714721
0.206245
0.162654
0.501816
0.691197
0.288495
0.597590
0.208920
0.442847
0.359543
0.308312
0.153651
0.237847
0.236983
0.331502
0.501890
0.376447
0.199816
0.403834
0.313525
0.485248
0.884072
0.423643
0.600498
0.725624
0.321131
0.768904
0.509602
0.208886
0.697934
0.791236
0.723409
0.589486
0.220707
0.419243
0.570331
0.709462
0.249202
0.505766
0.286302
0.267566
0.359487
0.308425
0.463995
0.220088
0.241725
0.238452
0.603556
0.292853
0.665088
0.363125
0.156499
0.714446
0.185940
0.368937
0.411012
0.216534
0.199587
0.294028
0.359858
0.613452
0.569491
0.591650
0.491987
0.252087
0.542624
0.503991
0.388864
0.694589
0.426797
0.284623
0.332037
0.568954
0.235514
0.212001
0.499991
0.709329
0.335182
0.599143
0.237927
0.824186
0.212878
0.753719
0.600775
0.164929
0.367703
0.354623
0.286954
0.360272
0.696035
0.375124
0.338351
0.332061
0.215417
0.744787
0.378001
0.475900
0.483035
0.383772
0.389924
0.249418
0.712451
0.743504
0.599781
0.465674
0.460908
0.320257
0.619161
0.663731
0.333375
0.670033
0.222019
0.456816
0.215583
0.233783
0.223745
0.210657
0.589730
0.364035
0.449046
0.411091
0.232289
0.512516
0.568049
0.491492
0.518145
0.255908
0.313423
0.704481
0.464508
0.254023
0.384267
0.433712
0.262295
0.646378
0.626844
0.160141
0.234679
0.407488
0.256916
0.233464
0.204250
0.321123
0.409296
0.266663
0.455680
0.462747
0.221973
0.184569
0.553766
0.641446
0.368069
0.459492
0.349298
0.452986
0.189016
0.314111
0.493103
0.497041
0.293717
1.049274
0.594615
0.296829
0.464893
0.399067
0.201463
0.413423
0.215041
0.250414
0.499269
0.349176
0.168123
0.257767
0.594355
0.329293
0.551645
0.306869
0.595171
0.152518
0.603487
0.321656
0.216488
0.602413
0.383334
0.384193
0.617441
0.383331
0.940862
0.273874
0.473345
0.188399
0.632963
0.369067
0.586099
0.711712
0.265660
0.247894
0.509419
0.255328
0.903271
0.282115
0.342765
0.236425
0.185449
0.287372
0.403151
0.548036
0.407646
0.163787
0.290609
0.236766
0.509385
0.232983
0.326158
1.293308
0.668106
0.501627
0.210818
0.503823
0.291583
0.358398
1.527351
0.695018
0.431247
0.485536
0.717410
0.735755
0.854246
0.570093
0.694567
0.638728
0.673053
0.385908
0.205193
0.577799
0.741845
0.379723
0.245213
0.268362
0.300512
0.353370
0.541559
0.383333
0.553479
0.550486
0.295874
0.465352
0.268885
0.774456
0.372908
0.222147
0.843776
0.702130
0.569891
0.186780
0.335880
0.738047
0.306485
0.194731
0.450140
1.495455
0.686392
0.293254
1.323812
0.199581
1.888293
0.412005
0.584183
0.814715
0.643613
0.706078
0.464546
0.285300
0.225436
0.379052
0.188017
0.504223
0.568309
0.144555
0.586650
0.258179
0.416928
0.566660
0.723583
0.398605
0.533641
0.568973
0.278607
0.336753
0.249508
0.500005
0.952661
0.822656
0.678072
0.283412
0.752692
0.286838
0.978765
0.642418
0.294965
0.256626
0.552465
0.212314
0.239206
0.312186
0.264756
0.218185
0.666967
0.426067
0.515612
0.367214
0.403959
0.242151
0.340317
0.155503
0.654798
0.380489
0.278719
0.517600
0.389818
0.955931
0.328919
0.196498
0.214700
0.311905
0.867717
0.334794
0.256158
0.505591
0.315172
0.708310
0.270291
0.262814
0.234193
0.306051
0.452896
0.598363
0.613199
0.927473
0.347277
0.315976
0.302423
0.727942
0.898277
0.455644
0.579487
0.185439
0.320340
0.547055
0.412036
0.538420
0.279617
0.443174
0.496120
0.369066
0.454663
0.530415
0.272026
0.364654
0.653172
0.189888
0.303696
0.526580
0.240171
0.305635
0.217209
0.459777
0.432126
0.376988
0.357244
0.984645
0.465437
0.706740
0.343891
0.430756
0.276892
0.747050
0.439627
0.674716
0.746206
0.497078
0.438155
0.311649
0.391986
0.852622
0.627872
0.395198
0.217447
0.729937
0.165614
0.231157
0.538138
0.364361
0.250117
0.563923
0.329381
0.302918
0.460521
0.264493
0.562736
0.298590
0.660220
0.761075
0.415306
0.256853
0.224395
0.233122
0.380543
0.571393
0.218081
1.308123
0.401525
0.273115
0.206315
0.399022
0.320963
0.408629
0.743700
0.898008
0.616651
0.399682
0.260290
0.150924
0.500258
0.502077
0.364295
0.298878
0.426909
0.444222
0.354662
0.251707
0.985568
0.222830
0.348024
0.278593
0.459873
0.384258
0.598885
0.415432
0.506707
0.394373
0.363030
0.331106
0.841482
0.523218
0.608452
0.678811
0.732625
0.320268
0.449955
0.278941
0.179858
0.296885
0.378729
0.594728
0.457684
0.321804
0.286538
0.702508
0.444872
0.207021
0.181308
0.439956
0.265941
0.842905
0.810008
0.438517
0.517021
0.714386
0.609724
0.347573
0.881644
0.171387
0.411038
1.137148
0.859916
1.145324
0.296395
0.582058
0.266355
0.201920
0.581832
0.272496
0.811498
0.292644
0.492722
0.703656
0.591064
0.839066
0.621801
0.372033
0.196981
0.339617
0.353687
0.364519
0.190103
0.427308
0.171925
0.413165
0.264264
0.557498
0.397919
0.271990
0.506703
1.234468
0.448402
0.691142
0.307717
0.284145
0.428071
0.435005
0.638106
0.243525
0.381465
0.838760
0.369352
0.444875
0.476419
0.263955
0.621990
0.976839
0.550650
0.271827
0.437659
0.691796
0.545512
0.310403
0.784268
0.286682
0.259514
0.319562
0.377128
0.276747
0.348457
0.182604
0.480947
0.787408
0.390673
0.208765
0.207714
0.523203
0.326639
0.920801
0.683767
0.388555
0.512934
0.624425
0.433174
0.641857
0.238448
0.547223
0.682746
0.534592
0.486156
0.519898
0.670540
0.475291
0.680637
0.537931
0.339130
0.477348
0.900387
0.420308
0.269229
0.648220
0.624816
0.966082
0.297847
0.498023
0.262349
0.386622
0.823073
0.455296
0.661011
0.190465
1.242393
0.319229
0.474638
0.216805
0.996384
0.893515
0.228962
0.827834
0.391329
0.596230
0.370595
0.968349
0.207078
0.289354
0.345623
0.808213
0.281990
1.131448
0.730890
0.290509
0.369519
0.261094
0.299653
1.227523
0.649738
0.324774
0.269717
0.397210
0.161410
0.337682
0.282485
0.605601
0.243409
0.575897
1.195015
0.452485
0.294454
0.247220
0.222039
0.824604
0.647228
0.155840
0.237673
0.545591
0.885041
0.204945
0.852706
0.282443
0.385020
0.210984
0.618933
0.349445
0.472141
0.480627
0.222587
0.433449
0.462444
0.183927
0.556082
0.201115
0.262097
0.698051
0.387208
0.311240
1.111288
0.839813
0.741505
0.386310
0.542999
0.392800
0.174685
0.212846
0.424356
0.799661
0.210853
0.293140
0.699659
0.212388
0.299138
0.233897
0.365725
0.686042
0.465295
0.619866
0.221598
0.351144
0.680434
0.350256
0.537509
0.589037
0.846538
0.287926
0.347882
0.559673
0.560535
0.571008
0.458396
0.704123
0.663039
1.022993
0.183315
0.437816
0.757359
0.534812
0.437793
0.346682
0.590566
0.599181
0.480274
0.674586
0.212201
0.765231
0.206614
0.259649
0.601040
0.711289
0.378186
0.760362
0.449159
0.224442
0.446417
0.288841
0.368586
0.827737
0.333107
0.836848
0.273277
0.305428
0.230633
0.895070
0.276580
0.160782
0.291375
0.245343
0.701657
0.172095
0.161603
0.648760
0.453755
0.304455
0.232962
0.199956
0.221813
0.502942
0.287001
0.434623
0.349326
0.628328
0.293001
0.583583
0.482654
0.794958
0.425312
0.538141
0.267784
0.506372
0.392264
0.754615
0.438259
0.648677
0.453077
0.464402
0.258832
0.395722
0.352430
0.686506
0.409495
0.435601
0.317631
0.743562
0.232455
0.483282
0.372011
0.166178
0.321920
0.480373
0.774693
0.451844
0.325837
0.217752
0.533731
0.741547
0.685525
0.599855
0.575664
0.288240
0.227662
0.341804
0.325106
0.496087
0.719058
0.229731
0.835205
0.321875
1.094540
0.334928
0.542845
0.430348
0.756035
1.296702
0.927321
0.350919
0.965392
0.282120
0.411259
0.647175
0.722119
0.397205
0.528022
0.370159
0.232480
0.325976
0.523895
0.493467
0.246085
0.218293
0.514008
0.461448
0.697256
0.698620
0.210127
0.552557
0.163818
0.565650
0.932593
0.252673
0.535153
0.173606
0.651579
0.167498
0.487514
0.561011
0.175118
0.170459
