0.650196
0.670958
0.656487
0.657491
0.668554
0.669190
0.653711
0.638635
0.664792
0.694264
0.664618
0.689090
0.644791
0.655093
0.661833
0.668082
0.646080
0.659140
0.650790
0.641106
0.649472
0.670034
0.642778
0.658454
0.653597
0.642573
0.657932
0.646717
0.660626
0.648029
0.635209
0.671695
0.634643
0.649422
0.646805
0.658647
0.652239
0.658271
0.641567
0.651461
0.653681
0.704524
0.641461
0.656739
0.651644
0.648499
0.651056
0.649041
0.654707
0.655948
0.653274
0.660899
0.665427
0.641910
0.640449
0.651005
0.667454
0.650156
0.653750
0.641027
0.644211
0.669268
0.645935
0.662059
0.642973
0.646801
0.656114
0.643492
0.657556
0.655319
0.649292
0.650143
0.641209
0.650156
0.657049
0.658469
0.661452
0.655243
0.649453
0.640355
0.650178
0.665052
0.657749
0.654000
0.652792
0.644939
0.662637
0.654055
0.642963
0.645952
0.648235
0.660414
0.645878
0.649648
0.671366
0.659700
0.649110
0.690641
0.651880
0.634706
0.650635
0.647201
0.639777
0.665567
0.658190
0.654382
0.641228
0.644700
0.664571
0.647212
0.661183
0.690123
0.664783
0.643873
0.661029
0.683198
0.670546
0.670640
0.664369
0.662752
0.672995
0.646056
0.653574
0.649903
0.647304
0.650898
0.681505
0.666303
0.654352
0.653831
0.664623
0.670229
0.642494
0.677964
0.650894
0.649548
0.663762
0.635771
0.641846
0.645991
0.643349
0.650855
0.667024
0.631230
0.678335
0.640712
0.647095
0.675103
0.663881
0.640478
0.644834
0.642789
0.651396
0.649035
0.650262
0.637160
0.662653
0.656031
0.650347
0.664153
0.636323
0.653495
0.652918
0.646477
0.644365
0.645195
0.637793
0.644642
0.658717
0.671068
0.646978
0.636193
0.700182
0.662127
0.653289
0.650788
0.648454
0.665963
0.647141
0.637760
0.654004
0.669817
0.658016
0.670194
0.645827
0.649081
0.674316
0.661144
0.651386
0.650387
0.642977
0.656811
0.677695
0.647816
0.659379
0.656205
0.656664
0.643555
0.677018
0.647150
0.665108
0.649141
0.657720
0.636826
0.651717
0.648417
0.677338
0.648820
0.647073
0.677693
0.660252
0.659285
0.694849
0.664144
0.654453
0.635369
0.649768
0.661768
0.703381
0.706906
0.668487
0.640382
0.670488
0.658153
0.650641
0.667464
0.651118
0.679663
0.697841
0.709955
0.662623
0.719258
0.665029
0.649826
0.661997
0.645402
0.647418
0.650532
0.646897
0.654532
0.665613
0.663039
0.642723
0.686060
0.661577
0.644301
0.660358
0.658632
0.660116
0.663706
0.644796
0.656846
0.644368
0.635031
0.641683
0.648413
0.647398
0.689520
0.669210
0.645304
0.650688
0.660054
0.660573
0.638549
0.647220
0.653112
0.651945
0.651125
0.678945
0.672032
0.656428
0.648510
0.662287
0.636762
0.635768
0.646689
0.643493
0.692935
0.646363
0.666025
0.636632
0.643614
0.655743
0.652216
0.646578
0.652656
0.658015
0.645774
0.644198
0.666766
0.671725
0.658805
0.674977
0.662754
0.648102
0.645880
0.646219
0.642914
0.660585
0.650271
0.654422
0.661553
0.635991
0.676946
0.666197
0.655070
0.677645
0.638516
0.649534
0.640465
0.667844
0.642984
0.698197
0.655431
0.670020
0.639426
0.642964
0.655185
0.645823
0.663295
0.654434
0.634964
0.672513
0.671739
0.670808
0.665965
0.659648
0.644837
0.648593
0.652139
0.657278
0.655792
0.660418
0.659398
0.669262
0.656715
0.658164
0.651880
0.643715
0.635964
0.674254
0.656845
0.656584
0.639619
0.652279
0.651671
0.641704
0.646424
0.678760
0.663884
0.662308
0.652303
0.636373
0.649813
0.642883
0.672610
0.644552
0.646138
0.657068
0.658724
0.642102
0.636324
0.661993
0.651536
0.650451
0.643400
0.634362
0.651224
0.651021
0.666351
0.677772
0.661971
0.663732
0.654916
0.639904
0.675263
0.653105
0.653355
0.668392
0.645567
0.652417
0.670809
0.682199
0.633802
0.640069
0.694524
0.646583
0.659899
0.649687
0.670178
0.646275
0.644598
0.675474
0.651109
0.637516
0.652898
0.663604
0.660318
0.648785
0.651438
0.650751
0.637624
0.657169
0.668838
0.638764
0.647281
0.645810
0.644614
0.704385
0.673134
0.646400
0.646464
0.653735
0.644235
0.666220
0.674002
0.683318
0.637332
0.644306
0.652696
0.676436
0.672444
0.651204
0.655719
0.646486
0.650544
0.657374
0.661388
0.667105
0.654668
0.662016
0.653054
0.665836
0.675726
0.677721
0.640844
0.681545
0.671255
0.658418
0.669400
0.653631
0.681094
0.649760
0.657097
0.653155
0.649361
0.646045
0.658284
0.666762
0.701757
0.689974
0.667134
0.647516
0.630577
0.677550
0.648144
0.643603
0.637541
0.654714
0.646866
0.655739
0.646140
0.657254
0.681247
0.650856
0.661754
0.644714
0.672404
0.646533
0.648539
0.653468
0.667099
0.646338
0.665209
0.648149
0.642023
0.638648
0.660052
0.645985
0.635337
0.658864
0.652402
0.667177
0.672217
0.637354
0.659276
0.645569
0.691850
0.653438
0.656205
0.648058
0.671131
0.646251
0.661592
0.654136
0.636765
0.662326
0.662446
0.687356
0.655173
0.648942
0.658859
0.667499
0.646750
0.646120
0.653651
0.677549
0.648875
0.658624
0.651407
0.642841
0.650664
0.656399
0.664348
0.655128
0.652370
0.644528
0.640619
0.649723
0.676771
0.663188
0.663669
0.644266
0.640723
0.648992
0.659922
0.661026
0.645939
0.642897
0.636121
0.655429
0.660001
0.667295
0.652008
0.641983
0.649464
0.655661
0.655865
0.647956
0.646883
0.651189
0.673264
0.652985
0.671397
0.670952
0.646302
0.661441
0.656734
0.657999
0.655510
0.648494
0.647966
0.650531
0.658713
0.647387
0.649979
0.650360
0.660363
0.649213
0.657098
0.675070
0.649543
0.637764
0.657766
0.659322
0.658501
0.649592
0.654792
0.642665
0.664190
0.646825
0.676626
0.658991
0.647681
0.647816
0.659478
0.664799
0.645283
0.643470
0.629887
0.663466
0.644526
0.663154
0.642050
0.667017
0.672389
0.655896
0.664066
0.657349
0.637343
0.671480
0.650643
0.691557
0.725247
0.630299
0.651283
0.684971
0.660823
0.678602
0.659976
0.647135
0.658088
0.645844
0.676285
0.695399
0.666484
0.645606
0.636317
0.664479
0.648784
0.667099
0.667574
0.654001
0.643165
0.660120
0.684352
0.673862
0.667016
0.648319
0.652739
0.653733
0.655847
0.661664
0.661770
0.641323
0.651625
0.680203
0.647184
0.687861
0.651298
0.659756
0.660479
0.645508
0.645128
0.648813
0.674083
0.657040
0.669062
0.643431
0.655294
0.642316
0.676159
0.660417
0.650171
0.662468
0.652710
0.647615
0.653327
0.674437
0.664193
0.700645
0.667049
0.676213
0.650710
0.647892
0.656744
0.671020
0.654282
0.673860
0.702293
0.640022
0.657797
0.675545
0.673367
0.664181
0.649475
0.655936
0.653705
0.658803
0.664491
0.676512
0.658920
0.661035
0.660484
0.641642
0.658228
0.673999
0.655295
0.656494
0.678995
0.644848
0.672289
0.648966
0.684882
0.658033
0.652146
0.676640
0.652364
0.666664
0.668974
0.656455
0.663876
0.665515
0.626524
0.666915
0.659001
0.646833
0.681577
0.674723
0.666437
0.654253
0.684056
0.669797
0.665454
0.653366
0.679208
0.648317
0.674439
0.678132
0.649975
0.651634
0.655698
0.647256
0.642243
0.648986
0.655131
0.654389
0.648586
0.643788
0.667579
0.657768
0.702683
0.643434
0.654732
0.682930
0.650556
0.662134
0.661022
0.649879
0.639447
0.657392
0.647303
0.656713
0.647088
0.675731
0.665193
0.659335
0.655322
0.655224
0.652946
0.651350
0.659270
0.662268
0.644755
0.656354
0.646095
0.653981
0.668317
0.653285
0.635507
0.651229
0.642394
0.659986
0.653409
0.674202
0.651412
0.648916
0.663958
0.648864
0.640213
0.644434
0.637491
0.654055
0.674789
0.703184
0.663103
0.655288
0.646519
0.661602
0.652545
0.655001
0.664843
0.641284
0.668821
0.648903
0.652136
0.659708
0.637877
0.647159
0.654388
0.660449
0.640576
0.650413
0.656008
0.652205
0.659592
0.648553
0.648386
0.650262
0.654665
0.654952
0.643332
0.628379
0.648223
0.657050
0.669242
0.652187
0.654046
0.649729
0.640457
0.652863
0.668896
0.653726
0.653791
0.645748
0.640309
0.655045
0.645860
0.672245
0.655838
0.649675
0.662931
0.657639
0.667035
0.661018
0.643089
0.636902
0.653728
0.651775
0.664033
0.670745
0.651721
0.669792
0.665288
0.695712
0.654789
0.644321
0.650865
0.644553
0.659244
0.648641
0.658492
0.663527
0.665453
0.658852
0.639828
0.644464
0.652936
0.659440
0.664890
0.668138
0.674451
0.648889
0.656059
0.635852
0.639299
0.655365
0.645454
0.649294
0.651294
0.672023
0.654701
0.678798
0.651971
0.641109
0.650239
0.656209
0.649168
0.665372
0.670578
0.661456
0.664707
0.643458
0.634962
0.663093
0.652230
0.640156
0.651256
0.658056
0.646872
0.651588
0.711514
0.649969
0.689585
0.667262
0.648917
0.660041
0.646666
0.657685
0.668830
0.647018
0.633828
0.678939
0.650745
0.662703
0.679116
0.648631
0.652215
0.683096
0.665196
0.656984
0.649675
0.642367
0.663574
0.648255
0.645882
0.661849
0.659114
0.652268
0.640145
0.673344
0.665123
0.656953
0.658696
0.661190
0.643832
0.663108
0.652597
0.651629
0.660592
0.663554
0.662375
0.648057
0.659526
0.656056
0.639749
0.664615
0.650801
0.649609
0.650087
0.653257
0.648669
0.667244
0.638328
0.647478
0.639265
0.648831
0.650986
0.668690
0.664270
0.664843
0.650212
0.631349
0.655742
0.658891
0.651394
0.639656
0.662482
0.637355
0.661994
0.664519
0.673701
0.647890
0.679118
0.642689
0.656718
0.639999
0.634457
0.649275
0.643164
0.655121
0.649798
0.666409
0.656983
0.646126
0.685720
0.655184
0.672534
0.644541
0.641447
0.650648
0.646497
0.643156
0.669846
0.655166
0.653384
0.673496
0.663874
0.646996
0.637082
0.648391
0.649411
0.630977
0.653013
0.651630
0.633817
0.673966
0.653198
0.645867
0.648317
0.629416
0.639158
0.658074
0.703780
0.660878
0.670343
0.652942
0.650940
0.662971
0.689471
0.635890
0.652938
0.651776
0.668641
0.647180
0.652923
0.666543
0.656832
0.650176
0.667662
