1265205128
1012611405
1045582157
1055481232
1011143595
1091100004
1022270881
1024147995
1004853948
1004663248
996999990
995437577
1075117584
1035858086
1029691239
1049356889
1035536685
1041269229
1041060527
1031528154
1003914844
1026069913
1048461584
1010470295
1014145223
1010960699
1055639640
1054571432
1048720788
1055925343
990088541
1005620660
1019575067
1069719148
1021606882
1003937348
1002842539
1033500873
1047101678
978902658
1009469490
1055175339
1087791188
1051166409
1091511617
1039183418
1025820317
1036688399
1034548983
1017383352
1067166032
1022502091
1056484251
1022656793
1048525990
1061273488
1012001112
1069939654
1023121097
1011323507
1075023093
1038557615
1026067020
1067261434
1014599433
994132577
1008060583
996479295
1015718441
1024372067
1023716438
1030134872
1090240173
1086750821
1025681172
1016316572
1027437749
1012327700
988203775
1062115090
1019254306
1050637857
1064133354
996480863
1048544089
1033117343
1031545814
1073433752
997883600
1018676061
1004016324
1014720100
1061782280
1052744891
1052018572
1026258844
1008410083
1013269512
1045692069
1030471631
1017184009
1036749860
1246270276
1064665268
1054575973
1035363706
1031945867
1027220018
1047988479
1079648329
1044263929
1042875509
1034952335
1020323208
1069549300
1016516860
1070617591
1019169166
1033786076
997833677
1057383352
1015918610
1014480091
1024086261
1027662583
1024878954
1024530644
1030573987
1015471759
1066954466
1037278222
1066420350
1032422571
1059163980
1036108190
1014559812
1054755427
1047218162
1022648761
1059629450
1041738603
1019825124
1006861516
1030813102
1039663768
1058100010
1039670759
1048041221
1013511644
1048066913
1065950051
1016256353
1063271822
1026490927
1025882318
1034520284
1043746953
979531642
1071362364
1058535659
1032058047
1049977186
1027794207
1030100023
973836677
1033410343
1025863181
1042695111
1007248129
1048993455
1036131451
1046591531
1050845262
1053130677
999799056
1053807978
998828243
1050253045
1020195407
1037916844
1036111028
1025194440
1011017527
1043846682
1011992630
1040924156
1012618832
1041882160
1033386191
1003141552
1022310901
1045389280
1050865421
1037178112
984708101
1004255951
1211474571
1005733561
1023780000
1042267043
1030287748
1071286967
1046168870
1026846318
1043240744
1033654168
1030504743
1053591222
1035424279
1016459429
1025057795
1040950818
1056743040
1048351574
1017742335
1048420872
982345357
1047651764
1044134436
1035774170
1068793326
1015092307
1036490773
1053704906
991829023
1013899295
1023931572
1023588468
1000715589
1102006678
1055327913
1053407898
1066367897
983074449
1050893676
1029836111
1038514778
1052116884
1038155074
1085782844
1094384111
1045025126
1023778261
1039411682
1050482067
1043756514
1000169975
1036784059
1053470988
1022431246
1046472732
1041595094
1033289829
1038049066
1021135035
1043857610
1018140510
1078194833
1023557677
1243599767
1012317068
1000628965
1001052761
1034808329
1048517532
1037752638
1056791685
1051173333
1058479385
1017363145
1021787774
1019980853
1026223198
1018897732
1046866451
998550856
1023236449
1037888962
1004645688
1053623177
1043113187
1054144371
1032851194
1014228740
1013631230
1013084221
1003955043
1016000235
1020251064
1082581658
1043994746
1026249700
1026580599
990455706
1028828808
1052357192
1026821684
1030801013
1017482403
1047942742
1028359783
1056519903
1071590119
1018208391
1011386134
1033768109
1042319574
1016151663
1034823008
1042599668
1057105280
1053429647
1026083928
1098138696
1038838524
998657003
1074364200
1043511853
1006253056
1071827073
1036191388
1046803170
999876697
1016893429
1046971564
1017664531
1041647719
1057409441
1007448245
1060667962
1007442842
1010353462
1044989434
1028910905
1024263567
1034594847
1013580079
1032048324
1020354630
1008144332
1009944845
1068302102
1004594300
1010283443
993863613
1001923775
1017494097
1046254421
1053356075
1045713815
1054476682
1028248075
1048577033
1000068152
1046856517
1071351708
1001537959
1020306606
1038279546
1038099843
1057689996
1021940414
1035533520
1019330892
1022195814
1031143583
993276486
1019698392
1041691064
1018781583
997410314
1057185982
1033810499
1024118822
1049861823
1014621046
1009853008
1054923360
1043941273
1021660998
1025053624
1044310675
1051756632
1021073991
1050490621
1000234328
1073709402
1019479277
1000437628
1011933317
1018140865
1025666923
1037514015
1043887365
1082922069
1062295908
1046058980
1015098138
1017989160
1019702473
1016298046
1041833545
1038783721
1026561126
1046950784
1054441543
1013926425
1026871226
1019624869
1056731559
1123853583
1060124284
1035544792
1004762451
1009897591
1029574245
1001999129
1020261871
1021775482
1011633503
1029081240
1021339678
1012791312
1015829235
998324498
1009119982
991863248
1033625873
1020121068
1064170911
1016292437
1021216475
1030428147
1019248859
1037117898
1008343074
1020172567
1069184449
1000736614
1052460717
1021465275
1013938016
1030027942
1022981587
1017417843
1001804725
1006893558
1017463635
1044626451
1032807145
1015719494
999316050
1004892487
1044238103
1012790037
1034086103
1027188338
1046462489
1043222154
1013697405
1043181140
1021855457
1059518659
1030740417
1046973642
989174364
1037862455
1021048612
1005792181
1024055124
1052640650
1021210689
1055999967
1009767686
1044621162
1024044090
1033373261
985543069
1033460051
1054201414
1066388108
1042109007
1006018111
1032805823
1046347127
1016047180
1074750248
1028145469
1011640432
1054683474
1039468048
1010049708
1024697122
1070441585
1060354800
1049628910
1020238972
1055785053
1028668833
1057796763
1052792219
1025900102
1004549727
1044145341
1135777870
1005390727
1008252446
974709776
1017298313
1041216901
1021044938
1028595996
1057400723
1020256125
1110606242
1025016658
1026327166
1008094519
1044559207
1014104262
1030399190
1025207747
1020366607
1030130582
1029058372
1083322801
1029041168
1021893509
1053144556
1034230804
1038907040
1071313395
1010733313
1027942848
1079863658
1028408448
1059007090
1007834083
1031281867
1055962662
1055329055
1030869160
1019970973
1050837915
1022904693
1008723780
985874498
1057950067
992976852
1031325654
1040975730
1002853327
1003449531
1043015443
1060627880
1057520155
994666258
1059420969
996490571
1050062293
1030691639
1033869663
1027179409
1046736563
1114444197
1040994515
1020543953
1045903253
1007178547
1043726935
1050673388
996354659
1066507612
1034468258
987776290
1050120081
1077863199
1032459440
1009564259
1017084118
1054903316
1054747713
1043313223
1026072286
978961215
1015513502
1010502562
1026050084
1035337457
1014654294
1023321461
1014847494
1011647569
995951544
1016870209
1031731426
969218533
1042112206
1026663684
1026736584
1061734560
1015089692
1062126062
979697013
1014125584
1042801609
1042730209
1023083653
1023028053
1029637205
1026865682
1050558568
996187740
1024288461
1035133546
1002400688
1033713635
1008700438
1030842711
1005218009
1000201970
1044249316
1033327129
1011318457
1004794405
1031998219
1026482175
1047508440
1034749739
1027158579
1018191609
1006051913
1007357823
1029921899
1045267914
1026765503
1027159973
1003117212
1016012205
1088653067
1014750333
1032855176
1010618437
1022717424
1017040243
1054187164
1022526443
1017789573
1000937692
1028556923
1015592780
1055367722
1062485465
1027677522
1017101003
1023713643
1029250572
1031232069
1027955419
1043253438
999959727
1015907653
995417250
1052423043
1005242003
1024014054
970490359
1022948510
1019928968
993122514
1025277784
1014870876
1026763366
1050529862
1006188556
1050023528
1058580989
1018329622
1016972097
1048105457
1054235397
1051221858
1024358112
991965618
985734754
1008559640
1057004549
1051681991
1063650684
1030294585
999424109
1043147276
1054434563
1028165027
1079004554
1052475118
1044712041
1034468345
1053340597
1020898312
1010557416
1012401223
1024186916
989472013
1007969563
1059196190
1047784086
1082629874
1046818263
1016000096
1023293151
984627718
1034181530
1019906803
998733819
1053229372
1042549176
1023281109
1038563131
1035089496
1030496052
1060889902
1081170767
1047227577
1049497491
1020541844
1039852501
990444983
1000179960
1027009680
997205227
1013167356
1041430687
1046759127
1054533188
1068772203
1064940367
981555269
1039114444
1059731312
1020952086
1042278760
1062492724
1032783374
1034918889
1046723883
1015944425
1045756470
1053578431
1019320645
1022197466
1028802817
1047302168
1037717685
1048616473
1023673764
1028440001
1042750617
1057178734
1043310717
1066220503
1011731152
1051447377
1033880430
1037763260
1028639983
1030917499
1002622264
1069524414
1045756616
1021640915
1044460802
1029733979
1027324457
1057268901
1062727745
1046947113
1002609847
1020590693
1063303343
1056196383
1041044457
1028108150
1022035698
1011147807
1022711801
1000790519
998186996
1060394707
1043328765
1033982687
1032738975
1019342065
1010338390
1034894890
1033241375
1015582329
1026064415
1030488350
1027802626
1020917969
1066790644
978791722
1048473292
1018835049
1027210916
1097148788
1038365406
1026046804
1002038506
1026046302
997066965
1036778488
1043438543
997764068
1034013764
1001625299
1046336163
1065091716
1006328035
1047272369
1064893113
1024804384
1002358100
1035690771
1030113426
1018275128
986126265
1027211600
1017014217
1033658352
1021741354
1201456823
1040275104
1051402595
1081099437
1018018021
991198801
1016670509
1005221515
1036752973
1052615102
1044490735
1038693388
1011500364
1042810520
1051421390
1039712495
994275822
1027683095
1029130307
1055731524
1073895772
994235320
1061113867
1021324541
1014826388
1012875672
1055466519
1033911343
1022838953
1040323295
1041301302
1025554974
1010370850
1029073002
1089993599
1040074091
1054841312
1028772299
1004688702
993082707
1004861802
1011207555
1045274432
1015551989
1030582612
1011821058
1015830091
1056660924
1030429910
1001808176
1017629505
1023417753
1026452477
1032885929
1055856917
1016156692
1045304930
1074115965
992190296
1070993739
1032268623
1006193210
1054959208
1032848228
1041817800
1036717958
1055680314
1058699038
1035538949
1014376176
1051860181
997916742
1022813945
1026868977
1028530291
1081058119
1025526566
1075153671
1033493930
1044722923
1063546976
1009922839
1013509767
1041924200
1040198585
1044879523
1000242359
1045288626
1049270459
1028741991
1101265383
1057671327
1058107930
1015627384
1006271507
1028844492
1023465248
1049292358
1067934911
1004965197
1096294342
1029854600
1015662384
1003078281
1006314407
1063509574
1058685235
989054867
1068022310
1013278364
1021359829
1028408988
1036907256
1025962367
1043851613
1005375499
1040947290
1022172137
1032424719
1078237994
1072660348
1022224536
1016161887
1028573388
1063826876
1045806228
1024974959
1042429801
1022438638
976841166
1055169905
1048479850
1005907703
1013891768
995882821
1034763139
999847353
1017223895
1015246279
1058403331
1026205369
1069155718
1010217038
1038025165
1022839540
1025369161
1027059975
1017768399
1027995783
1034397235
1065433688
1086730562
1043938113
1034820138
1054767801
1009312930
1026011266
1038599769
1039983481
1016535489
1035059440
1022523938
1032134516
1036204950
1048276648
1020658523
1033621829
1051306672
