0.831296
0.831043
0.813730
0.820559
0.843875
0.823379
0.811790
0.793219
0.823799
0.850552
0.820057
0.842358
0.804768
0.810489
0.823816
0.826524
0.801670
0.814543
0.810891
0.797708
0.806779
0.827348
0.806066
0.822640
0.817787
0.796406
0.821449
0.803283
0.819169
0.803641
0.790451
0.831645
0.804332
0.813571
0.823690
0.820288
0.822016
0.816133
0.806642
0.806371
0.811077
0.871533
0.800620
0.819008
0.815300
0.814763
0.807755
0.806241
0.822460
0.810518
0.806132
0.819751
0.824955
0.801732
0.806948
0.808389
0.823479
0.806374
0.816659
0.800144
0.805364
0.824393
0.802179
0.815287
0.801313
0.803666
0.811631
0.821992
0.819795
0.810750
0.808306
0.806814
0.805428
0.804943
0.814116
0.815118
0.816749
0.813081
0.805815
0.797222
0.815056
0.818789
0.814039
0.810081
0.806502
0.808485
0.820609
0.810619
0.800085
0.814032
0.805258
0.815842
0.813427
0.809588
0.828863
0.816276
0.804877
0.848561
0.814603
0.788167
0.814038
0.805152
0.799427
0.833208
0.814666
0.808394
0.798251
0.800496
0.821589
0.811396
0.820781
0.856215
0.823469
0.814895
0.819252
0.844308
0.824751
0.827632
0.822020
0.822653
0.844689
0.807914
0.811123
0.810552
0.811802
0.813899
0.841896
0.828662
0.810986
0.811824
0.818760
0.830051
0.795449
0.841999
0.805403
0.813678
0.822201
0.814378
0.808898
0.810727
0.802008
0.810225
0.827282
0.785475
0.844665
0.803035
0.809156
0.838955
0.820739
0.797856
0.801443
0.805694
0.806579
0.804072
0.809145
0.792739
0.817408
0.820652
0.818284
0.822574
0.793862
0.818331
0.809793
0.801898
0.799155
0.801406
0.792760
0.803278
0.812416
0.828568
0.805797
0.790585
0.864375
0.826193
0.809137
0.807642
0.807220
0.827600
0.801268
0.793610
0.811171
0.826284
0.816402
0.838619
0.798277
0.821019
0.839818
0.820848
0.809426
0.807209
0.798053
0.822921
0.837598
0.803733
0.820791
0.818755
0.813183
0.798680
0.838483
0.804189
0.830039
0.823748
0.815606
0.794287
0.811916
0.812384
0.833072
0.805686
0.805201
0.838591
0.821033
0.815810
0.854800
0.839382
0.810478
0.795464
0.812323
0.822766
0.870820
0.872712
0.827205
0.796231
0.827234
0.813987
0.819593
0.825063
0.807820
0.843381
0.875819
0.882412
0.820385
0.876324
0.830908
0.806965
0.821432
0.803804
0.802501
0.805470
0.802950
0.821438
0.822347
0.819314
0.803286
0.848113
0.817489
0.796193
0.817280
0.815641
0.838653
0.823235
0.809298
0.811521
0.803598
0.789235
0.808655
0.804361
0.803200
0.847036
0.826890
0.801402
0.807808
0.815965
0.815404
0.795424
0.804216
0.808421
0.813462
0.815819
0.836229
0.835452
0.814662
0.807734
0.820760
0.794931
0.792493
0.805804
0.806617
0.861801
0.801512
0.830908
0.795175
0.799074
0.815618
0.811511
0.808014
0.812161
0.816697
0.803190
0.800020
0.823130
0.840571
0.816524
0.832465
0.822619
0.803577
0.804039
0.805140
0.797360
0.820878
0.807428
0.810449
0.819640
0.798795
0.839538
0.827280
0.814934
0.834109
0.794142
0.808008
0.806929
0.825491
0.802444
0.859093
0.813512
0.830095
0.795381
0.797761
0.819895
0.804107
0.829678
0.811374
0.795076
0.837760
0.832442
0.832041
0.839332
0.818783
0.802397
0.806398
0.809390
0.822064
0.811241
0.818788
0.816038
0.838910
0.823304
0.817196
0.808418
0.797513
0.796547
0.833061
0.822280
0.811538
0.808728
0.808046
0.817529
0.799958
0.802154
0.844881
0.828381
0.823788
0.808708
0.794434
0.811450
0.800711
0.826631
0.805780
0.803168
0.813460
0.826853
0.806698
0.796290
0.835480
0.808786
0.806903
0.797013
0.788880
0.806259
0.808262
0.825977
0.848404
0.826878
0.828415
0.815262
0.802975
0.831566
0.806800
0.816790
0.830639
0.799715
0.808295
0.837061
0.840448
0.794823
0.794354
0.866669
0.809440
0.820041
0.804966
0.838039
0.802800
0.805504
0.835360
0.809695
0.788876
0.810033
0.823924
0.817659
0.806147
0.807098
0.807662
0.792882
0.820936
0.837726
0.794556
0.803404
0.798060
0.803508
0.865365
0.839479
0.807455
0.806492
0.805231
0.801122
0.825935
0.831350
0.838838
0.789584
0.802232
0.810039
0.835987
0.829122
0.806097
0.809169
0.802068
0.803752
0.816516
0.822098
0.822805
0.811171
0.817216
0.810991
0.820843
0.833849
0.837589
0.802183
0.854084
0.833235
0.817768
0.824720
0.811791
0.838289
0.810280
0.824814
0.810876
0.806579
0.801983
0.816970
0.825080
0.864676
0.848451
0.826783
0.811763
0.793415
0.842534
0.813182
0.798966
0.800100
0.811076
0.811231
0.822329
0.803026
0.819919
0.847508
0.811607
0.825136
0.809687
0.835212
0.810852
0.816922
0.815580
0.826574
0.807132
0.824077
0.806366
0.812012
0.801372
0.818404
0.800929
0.788860
0.824596
0.807435
0.825858
0.830150
0.792908
0.816123
0.812635
0.848509
0.809015
0.811770
0.806351
0.828631
0.804398
0.817668
0.815980
0.798595
0.817046
0.823399
0.848451
0.819519
0.806139
0.820256
0.823484
0.812633
0.813446
0.807972
0.835853
0.813461
0.818114
0.808020
0.802595
0.807312
0.817912
0.827882
0.819617
0.810744
0.810185
0.793752
0.805549
0.841711
0.821214
0.822307
0.799137
0.798624
0.807352
0.818435
0.815764
0.802880
0.810849
0.788747
0.813028
0.819827
0.823933
0.809689
0.797914
0.803191
0.820341
0.813220
0.802259
0.802991
0.807984
0.865665
0.812186
0.827469
0.823917
0.824063
0.817944
0.815237
0.812749
0.809208
0.804032
0.803826
0.809080
0.818131
0.810989
0.805179
0.806110
0.816766
0.803827
0.815960
0.836839
0.811935
0.793077
0.824631
0.819020
0.816426
0.806942
0.810345
0.808080
0.820233
0.801609
0.833433
0.815864
0.805143
0.811417
0.815779
0.823611
0.802104
0.799145
0.784370
0.817733
0.809741
0.825032
0.798749
0.829270
0.831246
0.810594
0.818612
0.815362
0.793105
0.828107
0.812018
0.850571
0.882027
0.786507
0.809491
0.842852
0.824269
0.841879
0.814663
0.814235
0.814239
0.801362
0.834281
0.858940
0.823604
0.803180
0.810296
0.822392
0.810152
0.831982
0.821799
0.813196
0.800684
0.818872
0.841654
0.828877
0.824134
0.809290
0.809860
0.818734
0.816348
0.817927
0.820426
0.797182
0.805965
0.836655
0.805384
0.845590
0.810333
0.824209
0.837122
0.801540
0.805133
0.811179
0.829049
0.810611
0.825665
0.799214
0.813803
0.798435
0.832312
0.829538
0.845483
0.820191
0.809917
0.804845
0.813319
0.829801
0.828726
0.859516
0.823945
0.835357
0.819534
0.804775
0.813735
0.838152
0.817825
0.841648
0.863419
0.793610
0.811677
0.854026
0.848751
0.824343
0.804181
0.809459
0.810153
0.840353
0.822158
0.833508
0.813177
0.817638
0.815710
0.797845
0.816097
0.833594
0.810059
0.809136
0.833771
0.821346
0.832069
0.804656
0.843829
0.813375
0.809209
0.831388
0.810365
0.826416
0.829462
0.813130
0.821266
0.823373
0.812070
0.824766
0.815425
0.806485
0.838707
0.835609
0.821319
0.808650
0.852093
0.826402
0.821479
0.814568
0.837845
0.806671
0.835290
0.834961
0.802940
0.808350
0.807987
0.817920
0.798167
0.827033
0.811508
0.820115
0.807144
0.808321
0.830324
0.827381
0.872413
0.813781
0.815010
0.844257
0.810084
0.817210
0.819945
0.810962
0.796365
0.827638
0.803712
0.815612
0.803495
0.834194
0.835805
0.839735
0.815816
0.817417
0.809303
0.824769
0.815500
0.824389
0.805398
0.830453
0.801723
0.811208
0.839991
0.817401
0.790291
0.808705
0.805591
0.815296
0.819304
0.836083
0.806230
0.810678
0.823558
0.807175
0.795826
0.798186
0.804186
0.811864
0.831037
0.858499
0.822793
0.816929
0.800542
0.817208
0.811183
0.813589
0.829558
0.798489
0.824151
0.813254
0.811612
0.818195
0.793231
0.803317
0.812031
0.820304
0.798812
0.807569
0.813234
0.812051
0.824981
0.803606
0.804498
0.812965
0.810581
0.808947
0.798209
0.783225
0.804962
0.825006
0.825965
0.805393
0.811462
0.803898
0.797651
0.809057
0.827238
0.807159
0.813490
0.804232
0.799679
0.839779
0.805084
0.826210
0.818781
0.810554
0.819769
0.832448
0.824931
0.820016
0.800701
0.797865
0.807995
0.807627
0.823557
0.833066
0.808161
0.828583
0.824909
0.854864
0.813847
0.796117
0.809980
0.801214
0.814834
0.806950
0.821688
0.823354
0.823108
0.816449
0.811406
0.799381
0.809626
0.821237
0.826873
0.826417
0.832519
0.805200
0.817168
0.793958
0.795381
0.812293
0.800870
0.806219
0.808109
0.835377
0.815384
0.839160
0.810893
0.798225
0.805231
0.816365
0.814327
0.821935
0.826607
0.818167
0.819336
0.801398
0.788226
0.826558
0.807722
0.795959
0.806340
0.813688
0.802448
0.810532
0.897199
0.816318
0.852647
0.833719
0.801471
0.812874
0.806537
0.813382
0.826746
0.804831
0.790167
0.834172
0.809806
0.832245
0.837167
0.813143
0.811424
0.841866
0.820957
0.813851
0.806215
0.809067
0.818170
0.803660
0.812229
0.823996
0.818520
0.806621
0.803695
0.830614
0.829617
0.813824
0.822098
0.813997
0.804175
0.831670
0.816075
0.808786
0.827967
0.829536
0.826669
0.817717
0.817928
0.819841
0.799671
0.823320
0.811199
0.810854
0.807356
0.811557
0.809477
0.828546
0.796370
0.805389
0.796788
0.807578
0.811159
0.830314
0.824601
0.826697
0.813971
0.785582
0.810968
0.820603
0.807586
0.794326
0.820395
0.792928
0.834357
0.830727
0.837634
0.810969
0.833868
0.796368
0.813213
0.804549
0.789474
0.810896
0.802736
0.811849
0.804602
0.833676
0.813367
0.810482
0.840524
0.819678
0.830667
0.799744
0.811808
0.804652
0.803454
0.797831
0.829266
0.811818
0.811678
0.828008
0.822559
0.807768
0.800493
0.804693
0.807548
0.788870
0.810337
0.815447
0.788196
0.830958
0.808678
0.804321
0.810577
0.783177
0.793762
0.818876
0.868833
0.820808
0.852538
0.810047
0.815738
0.818397
0.846974
0.790820
0.812400
0.811838
0.826720
0.834418
0.815528
0.821505
0.815734
0.804017
0.826087
