0.401355
0.412421
0.386644
0.509185
0.457033
0.531505
0.512709
0.513505
0.537187
0.010263
0.007529
0.010250
0.009780
0.007358
0.010558
0.010273
0.009309
0.009973
0.010331
0.006076
0.007387
0.005959
0.003951
0.004006
0.003922
0.004365
0.006648
0.005904
0.004677
0.009598
0.008870
0.007212
0.007992
0.009085
0.013367
0.008776
0.008536
0.008478
0.009047
0.005221
0.006153
0.007710
0.009953
0.008804
0.008225
0.004909
0.004008
0.004408
0.003875
0.004731
0.006287
0.006826
0.008566
0.007451
0.007710
0.020516
0.007776
0.007655
0.007460
0.006469
0.007301
0.004777
0.005381
0.009130
0.014929
0.013714
0.013473
0.013296
0.014281
0.023743
0.024340
0.024404
0.016643
0.016562
0.018313
0.019320
0.018095
0.015954
0.017445
0.016816
0.018639
0.018918
0.015144
0.018965
0.017867
0.021679
0.019251
0.017747
0.015574
0.015678
0.016370
0.015718
0.017153
0.018863
0.009192
0.007679
0.008871
0.009575
0.009713
0.009323
0.008752
0.008589
0.008240
0.008756
0.010237
0.007631
0.008262
0.007059
0.028465
0.024213
0.021474
0.014273
0.011622
0.023970
0.021056
0.021286
0.012852
0.013408
0.021891
0.021813
0.014124
0.017288
0.019179
0.022267
0.026775
0.020626
0.019871
0.022640
0.019860
0.018002
0.018272
0.018190
0.020215
0.020412
0.018159
0.021264
0.025642
0.019164
0.029941
0.023619
0.017378
0.023404
0.021167
0.176255
0.144459
0.152896
0.151699
0.167368
0.118371
0.102010
0.121516
0.129705
0.114644
0.117594
0.080242
0.081704
0.086000
0.086363
0.078196
0.075547
0.078931
0.079071
0.083370
0.076817
0.079377
0.079111
0.168036
0.162226
0.155007
0.139615
0.129250
0.096491
0.099686
0.093956
0.093055
0.058509
0.054203
0.060209
0.061542
0.055030
0.054714
0.059759
0.122896
0.119847
0.131569
0.132964
0.128167
0.122235
0.128872
0.125422
0.122063
0.122736
0.132543
0.133830
0.127793
0.132037
0.128087
0.138899
0.046332
0.050698
0.045554
0.047136
0.069387
0.038447
0.040308
0.065095
0.062153
0.039354
0.036641
0.019510
0.023008
0.024926
0.024243
0.024128
0.021347
0.006721
0.006386
0.005483
0.004179
0.004132
0.008928
0.008845
0.008905
0.009473
0.009623
0.009317
0.009003
0.009021
0.008910
0.008878
0.008942
0.008933
0.009081
0.009129
0.008895
0.008441
0.008884
0.009252
0.009284
0.009983
0.005855
0.006214
0.004895
0.006611
0.005124
0.004677
0.006783
0.007490
0.006358
0.005158
0.004596
0.005337
0.004464
0.005199
0.005649
0.005211
0.006547
0.006166
0.006044
0.008796
0.015548
0.014953
0.014699
0.014972
0.015644
0.418734
0.009368
0.075352
0.358626
0.389753
0.464179
0.451917
0.479427
0.523223
0.470536
0.444810
0.439456
0.467302
0.404107
0.441812
0.380421
0.341378
0.347422
0.346967
0.429874
0.417966
0.424725
0.433970
0.441164
0.553837
0.368136
0.360876
0.419644
0.419516
0.354916
0.365628
0.354906
0.344553
0.404220
0.426288
0.432136
0.400398
0.400422
0.340062
0.434746
0.370338
0.401916
0.401551
0.388236
0.367852
0.361080
0.364581
0.008377
0.009937
0.008775
0.009958
0.010752
0.008083
0.005865
0.011038
0.010601
0.005093
0.008806
0.005400
0.006304
0.006366
0.005363
0.006378
0.005099
0.006486
0.007239
0.007914
0.006428
0.006216
0.008541
0.008594
0.008690
0.010888
0.007330
0.012522
0.014212
0.015199
0.011982
0.007532
0.007533
0.007152
0.007257
0.007755
0.008264
0.007724
0.006672
0.010668
0.010283
0.011425
0.013965
0.013269
0.013457
0.013924
0.013239
0.012977
0.014357
0.014315
0.014321
0.013729
0.012975
0.408566
0.005436
0.202776
0.200002
0.203381
0.204849
0.150619
0.079112
0.170641
0.136231
0.137035
0.151645
0.106036
0.097571
0.103980
0.116017
0.111749
0.115854
0.102243
0.092058
0.085243
0.078333
0.128369
0.121830
0.137721
0.079978
0.072139
0.058220
0.164842
0.157945
0.160722
0.164754
0.170922
0.151907
0.165634
0.153959
0.179759
0.182530
0.198549
0.202123
0.177455
0.174314
0.179451
0.179043
0.090321
0.092466
0.085895
0.093761
0.073612
0.083651
0.358721
0.850786
0.382401
0.885100
0.391891
0.900624
0.441873
0.938036
0.399324
0.802405
0.800935
0.368597
0.882011
0.364381
0.868570
0.394715
0.817179
0.461709
0.940651
0.500422
0.900071
0.473358
0.899971
0.476647
0.927924
0.493765
0.965542
0.466674
0.912248
0.945443
0.894109
0.873520
0.891374
0.905757
0.878265
0.372611
0.872023
0.360792
0.903947
0.377873
0.875567
0.452167
0.909572
0.499232
0.954186
0.466836
0.944235
0.466388
1.005997
0.371930
0.077749
0.458729
0.933117
0.473412
0.948213
0.459069
0.937989
0.476993
0.941574
0.408020
0.824935
0.384766
0.854107
0.400834
0.836676
0.396718
0.854145
0.400465
0.851613
0.372027
0.837130
0.362601
0.801796
0.362537
0.846844
0.080095
0.079447
0.077714
0.076733
0.010948
0.007670
0.007202
0.007665
0.006040
0.008216
