0.400992
0.412125
0.386275
0.508883
0.456745
0.531197
0.512401
0.513205
0.536894
0.009971
0.007295
0.010011
0.009556
0.007125
0.010308
0.010039
0.009071
0.009741
0.010092
0.005846
0.007158
0.005726
0.003683
0.003769
0.003683
0.004129
0.006412
0.005669
0.004445
0.009365
0.007879
0.006990
0.007760
0.008847
0.013117
0.008531
0.008300
0.008251
0.008791
0.004977
0.005907
0.007484
0.009721
0.008575
0.007971
0.004662
0.003617
0.004175
0.003642
0.004493
0.006033
0.006584
0.008269
0.007216
0.007476
0.020222
0.007494
0.007430
0.007234
0.006232
0.007043
0.004544
0.005143
0.008889
0.014699
0.013452
0.013221
0.013052
0.014037
0.023503
0.024105
0.024156
0.016383
0.016314
0.018051
0.019059
0.017834
0.015671
0.017178
0.016564
0.018337
0.018646
0.014910
0.018691
0.017618
0.021430
0.019004
0.017503
0.015319
0.015314
0.016119
0.015475
0.016857
0.018595
0.008954
0.007451
0.008631
0.009342
0.009431
0.009094
0.008511
0.008356
0.007992
0.008526
0.009995
0.007359
0.008023
0.006824
0.028193
0.023956
0.021228
0.013996
0.011380
0.023701
0.020784
0.020900
0.012605
0.013159
0.021593
0.021576
0.013859
0.017034
0.018941
0.022017
0.026508
0.020389
0.019596
0.022035
0.019604
0.017697
0.017961
0.017953
0.019954
0.020132
0.017877
0.020992
0.025396
0.018913
0.029663
0.023365
0.017125
0.023130
0.020920
0.175933
0.144184
0.152551
0.151413
0.167060
0.118074
0.101713
0.121211
0.129420
0.114367
0.117288
0.079943
0.081394
0.085692
0.086092
0.077887
0.075284
0.078628
0.078813
0.083085
0.076530
0.079086
0.078819
0.167729
0.161939
0.154717
0.139324
0.128977
0.096195
0.099395
0.093598
0.092771
0.058204
0.053943
0.059910
0.061250
0.054769
0.054462
0.059439
0.122615
0.119549
0.131266
0.132671
0.127875
0.121947
0.128580
0.125142
0.121762
0.122446
0.132229
0.133548
0.127504
0.131756
0.127733
0.138593
0.046058
0.050403
0.045288
0.046822
0.069082
0.038204
0.040059
0.064787
0.061856
0.039060
0.036386
0.019262
0.022767
0.024654
0.024006
0.023859
0.021022
0.006463
0.006146
0.005239
0.003940
0.003896
0.008698
0.008621
0.008675
0.009241
0.009375
0.009085
0.008774
0.008782
0.008685
0.008647
0.008695
0.008705
0.008851
0.008888
0.008654
0.008199
0.008657
0.009023
0.009039
0.009755
0.005611
0.005969
0.004663
0.006379
0.004888
0.004434
0.006548
0.007146
0.006121
0.004900
0.004366
0.005107
0.004220
0.004955
0.005416
0.004969
0.006319
0.005920
0.005798
0.008566
0.015307
0.014686
0.014451
0.014731
0.015397
0.418434
0.009106
0.075059
0.358319
0.389450
0.463852
0.451605
0.479127
0.522911
0.470253
0.444492
0.439169
0.466986
0.403797
0.441526
0.380119
0.341028
0.347133
0.346663
0.429588
0.417678
0.424439
0.433676
0.440852
0.553527
0.367844
0.360583
0.419323
0.419238
0.354621
0.365300
0.354624
0.344261
0.403929
0.425972
0.431858
0.400096
0.400119
0.339756
0.434460
0.370045
0.401607
0.401270
0.387945
0.367568
0.360794
0.364290
0.008151
0.009701
0.008539
0.009716
0.010518
0.007850
0.005633
0.010755
0.010366
0.004802
0.008501
0.005172
0.006074
0.006135
0.005138
0.006119
0.004862
0.006247
0.006986
0.007389
0.006184
0.005979
0.008274
0.008342
0.008453
0.010616
0.007094
0.012251
0.013958
0.014925
0.011742
0.007302
0.006831
0.006923
0.007022
0.007506
0.008024
0.007470
0.006420
0.010388
0.010044
0.011188
0.013707
0.012983
0.013209
0.013689
0.012923
0.012689
0.014078
0.014059
0.014074
0.013440
0.012696
0.408254
0.005201
0.202480
0.199703
0.203081
0.204512
0.150328
0.078675
0.170346
0.135949
0.136716
0.151357
0.105727
0.097286
0.103690
0.115705
0.111401
0.115585
0.101979
0.091749
0.084957
0.077991
0.128083
0.121528
0.137422
0.079681
0.071868
0.057871
0.164568
0.157621
0.160443
0.164468
0.170635
0.151572
0.165356
0.153662
0.179480
0.182190
0.198242
0.201808
0.177162
0.173996
0.179110
0.178753
0.090049
0.092186
0.085606
0.093481
0.073351
0.083344
0.358391
0.850484
0.382119
0.884784
0.391596
0.900336
0.441591
0.937674
0.399030
0.802108
0.800643
0.368306
0.881722
0.364080
0.868273
0.394410
0.816869
0.461417
0.940338
0.500103
0.899772
0.473021
0.899677
0.476361
0.927634
0.493477
0.965233
0.466380
0.911959
0.945144
0.893812
0.873237
0.891062
0.905447
0.877970
0.372302
0.871745
0.360485
0.903649
0.377575
0.875263
0.451866
0.909270
0.498900
0.953885
0.466536
0.943885
0.466111
1.005691
0.371633
0.077461
0.458381
0.932832
0.473120
0.947915
0.458762
0.937623
0.476711
0.941278
0.407727
0.824615
0.384472
0.853824
0.400532
0.836374
0.396427
0.853861
0.400151
0.851328
0.371739
0.836841
0.362309
0.801480
0.362240
0.846522
0.079815
0.079100
0.077419
0.076446
0.010679
0.007404
0.006961
0.007416
0.005806
0.007965
