0.191094
0.192975
0.197024
0.191712
0.207192
0.203669
0.212213
0.206211
0.194439
0.193893
0.199743
0.202427
0.194652
0.201956
0.190191
0.192603
0.192551
0.193982
0.193963
0.195697
0.198254
0.196921
0.188022
0.190202
0.191589
0.203986
0.217493
0.194310
0.202978
0.210143
0.190141
0.188693
0.187408
0.210632
0.189393
0.190629
0.186882
0.196502
0.195327
0.190550
0.188890
0.188592
0.186983
0.188497
0.188963
0.188713
0.191244
0.187867
0.189979
0.201455
0.190466
0.190067
0.191004
0.187517
0.195281
0.187428
0.187949
0.194625
0.199717
0.200719
0.194662
0.188495
0.189352
0.195579
0.195513
0.191734
0.203857
0.189663
0.199084
0.189561
0.189302
0.194378
0.194900
0.185437
0.192145
0.198976
0.189991
0.193885
0.191480
0.203003
0.190477
0.196362
0.202943
0.191770
0.199321
0.192148
0.191366
0.192553
0.190961
0.189932
0.194005
0.202197
0.198214
0.201888
0.201726
0.189296
0.193422
0.194666
0.198758
0.189099
