0.091135
0.091422
0.092010
0.088732
0.091402
0.095847
0.096617
0.094130
0.093876
0.092735
0.097079
0.088793
0.091124
0.093560
0.090435
0.090869
0.093112
0.093302
0.093202
0.096630
0.099604
0.092850
0.092765
0.091202
0.092273
0.099669
0.093273
0.095289
0.103196
0.112664
0.092378
0.091499
0.091906
0.095334
0.092263
0.093060
0.090404
0.090611
0.095696
0.093668
0.093465
0.092560
0.091567
0.091347
0.091053
0.092953
0.092986
0.090505
0.089534
0.103437
0.091007
0.091700
0.094051
0.090382
0.099364
0.090082
0.091069
0.097956
0.098466
0.101344
0.096594
0.091524
0.091166
0.097535
0.097211
0.095505
0.105066
0.092267
0.094520
0.092378
0.092602
0.095826
0.091893
0.088582
0.094183
0.101629
0.092207
0.091260
0.093361
0.099657
0.092111
0.092739
0.100657
0.093557
0.098102
0.091278
0.090978
0.092655
0.091885
0.091351
0.093272
0.102125
0.095726
0.101906
0.101513
0.090221
0.093275
0.094207
0.097384
0.090813
