0.052587
0.047397
0.050486
0.047340
0.048041
0.018933
0.018138
0.019981
0.019321
0.018180
0.019456
0.020755
0.022669
0.025247
0.023887
0.021263
0.020746
0.019027
0.018778
0.017835
0.018258
0.019274
0.018560
0.019931
0.020075
0.028718
0.021779
0.019886
0.021113
0.023158
0.019515
0.021311
0.022753
0.016735
0.017149
0.017805
0.019180
0.017388
0.018335
0.389541
0.823300
0.414803
0.865124
0.467109
0.988967
0.525862
0.893068
0.393186
0.860097
0.434347
0.967890
0.333335
0.791949
0.370807
0.185323
0.186295
0.186747
0.196024
0.184008
0.189254
0.190693
0.188208
0.172806
0.115581
0.110462
0.114800
0.126197
0.126091
0.128874
0.123133
0.127347
0.162288
0.162787
0.166408
0.175957
0.175065
0.164650
0.159536
0.156841
0.166034
0.155908
0.150666
0.153407
0.145679
0.170868
0.162058
0.169016
0.165721
0.169776
0.166334
0.175345
0.184367
0.178911
0.166282
0.173745
0.162409
0.159443
0.157246
0.171205
0.170166
0.184291
0.176288
0.184680
0.168148
0.168710
0.164450
0.177370
0.179642
0.177359
0.172971
0.177831
0.175375
0.172478
0.173209
0.147805
0.151843
0.140371
0.146672
0.170094
0.178321
0.178198
0.182314
0.173698
0.175379
0.186044
0.181540
0.092352
0.091100
0.094201
0.094299
0.091610
0.092121
0.098285
0.147410
0.158420
0.165409
0.067236
0.063569
0.009450
0.007469
0.006846
0.009306
0.006961
0.007651
0.007919
0.008733
0.007306
0.010917
0.010124
0.009049
0.012407
0.007816
0.146133
0.006673
0.006599
0.005413
0.007428
0.007319
0.004045
0.004397
0.006151
0.006874
0.006665
0.007434
0.004735
0.007036
0.003231
0.008113
0.003289
0.002934
0.002988
0.005299
0.004296
0.004698
0.005885
0.006366
0.003614
0.003620
0.002331
0.002988
0.003253
0.003690
0.012299
0.011793
0.012367
0.012051
0.011946
0.012242
0.012127
0.012246
0.012286
0.013691
0.006344
0.006315
0.006893
0.009715
0.006474
0.004678
0.004610
0.004987
0.006125
0.008042
0.007996
0.006741
0.009723
0.010073
0.009773
0.006665
0.006459
0.011627
0.010462
0.011995
0.012227
0.012661
0.011923
0.010889
0.010964
0.011180
0.159183
0.158300
0.157386
0.159364
0.073212
0.079745
0.081193
0.083001
0.075260
0.067984
0.072300
0.012637
0.013409
0.017538
0.012200
0.011447
0.011704
0.012510
0.009815
0.011227
0.011989
0.012261
0.011939
0.011574
0.012341
0.011630
0.010413
0.009807
0.019921
0.008409
0.008724
0.012431
0.011160
0.011486
0.011729
0.010878
0.009266
0.008824
0.011638
0.006785
0.010242
0.012966
0.014772
0.014862
0.012547
0.010669
0.006451
0.006236
0.006302
0.006618
0.006039
0.004226
0.003957
0.005382
0.005150
0.004588
0.004440
0.004512
0.012634
0.012339
0.012728
0.013614
0.011743
0.012088
0.013340
0.012124
0.011934
0.022564
0.015608
0.005998
0.006236
0.006546
0.005003
0.005159
0.012981
0.021477
0.017359
0.004160
0.003997
0.004537
0.004334
0.004071
0.004076
0.005746
0.004106
0.004419
0.012312
0.004626
0.015994
0.360437
0.828379
0.403775
0.362787
0.008918
0.008638
0.014748
0.015750
0.016516
0.003641
0.006994
0.012989
0.014960
0.023223
0.019674
0.028140
0.021421
0.022416
0.026340
0.019221
0.019783
0.021814
0.023955
0.014278
0.013457
0.014695
0.010965
0.010773
0.011925
0.014557
0.013456
0.013183
0.010956
0.014529
0.015015
0.009983
0.008181
0.017299
0.009210
0.007804
0.014112
0.014935
0.016022
0.014702
0.014822
0.017865
0.015237
0.016820
0.017269
0.016860
0.015324
0.015309
0.015444
0.016313
0.018453
0.016365
0.014427
0.014301
0.015017
0.014508
0.016401
0.128749
0.127516
0.119306
0.101079
0.111349
0.105571
0.110178
0.149039
0.099064
0.099752
0.414269
0.384085
0.378841
0.464281
0.449580
0.021945
0.419919
0.023880
0.439344
0.023517
0.423677
0.391702
0.397012
0.341839
0.369810
0.357548
0.373279
0.022809
0.415100
0.365558
0.359583
0.018575
0.370716
0.388563
0.372181
0.365967
0.390612
0.360011
0.359007
0.367944
0.387719
0.462234
0.503335
0.494577
0.496146
0.278102
0.349964
0.391088
0.009565
0.009484
0.007027
0.007690
0.011703
0.008048
0.011532
0.008084
0.008675
0.007827
0.176039
0.004859
0.004978
0.005248
0.048553
0.472970
0.462245
0.476727
0.004772
0.005321
0.005765
0.011066
0.009158
0.015991
0.011391
0.014260
0.015875
0.015104
0.017875
0.014960
0.010494
0.008703
0.008959
0.012475
0.008493
0.005028
0.013799
0.013739
0.014208
0.013697
0.008983
0.011604
0.012806
0.012109
0.009541
0.011715
0.013314
0.013249
0.014702
0.010748
0.014454
0.009314
0.008288
0.007451
0.016272
0.015112
0.016147
0.013189
0.014195
0.025798
0.014852
0.015615
0.012183
0.011142
0.011483
0.019227
0.009225
0.008341
0.125496
0.400871
0.402985
0.443938
0.407385
0.427321
0.436408
0.470462
0.392789
0.384621
0.379876
0.347589
0.356445
0.370265
0.368402
0.384935
