0.668350
0.643252
0.627768
0.646973
0.634135
0.643166
0.627851
0.645042
0.642905
0.667330
0.654433
0.636626
0.644650
0.645555
0.650529
0.642907
0.657359
0.657445
0.641256
0.636327
0.638399
0.650042
0.652580
0.647000
0.670992
0.639027
0.674681
0.628830
0.637553
0.639454
0.636492
0.644022
0.639779
0.645855
0.646902
0.696619
0.655154
0.647074
0.689877
0.694896
0.649305
0.649997
0.657778
0.643768
0.646983
0.651767
0.697770
0.648654
0.663485
0.649486
0.657543
0.643657
0.645340
0.651934
0.640710
0.653034
0.648955
0.666268
0.642515
0.652872
0.670345
0.646202
0.657591
0.661549
0.630986
0.631148
0.669268
0.641280
0.662820
0.674234
0.661810
0.662745
0.666081
0.626841
0.638065
0.650346
0.641071
0.642231
0.676306
0.678113
0.658118
0.663174
0.656836
0.652300
0.667391
0.668882
0.639729
0.666683
0.641816
0.644267
0.664617
0.640090
0.658158
0.645615
0.652819
0.639211
0.675231
0.645074
0.647484
0.659378
0.655900
0.654219
0.656819
0.648125
0.648693
0.663684
0.664399
0.667508
0.674911
0.654341
0.651497
0.649018
0.653266
0.665652
0.647737
0.633590
0.637754
0.650152
0.647399
0.666787
0.672301
0.646787
0.639906
0.675338
0.653026
0.654920
0.673266
0.658572
0.634010
0.639067
0.640373
0.636727
0.638581
0.655180
0.633674
0.668942
0.671697
0.638626
0.653194
0.679620
0.634190
0.640928
0.643524
0.638445
0.649672
0.639479
0.673006
0.645449
0.641568
0.630247
0.627070
0.629383
0.659651
0.643319
0.620264
0.657918
0.654860
0.645933
0.631529
0.661301
0.635074
0.630476
0.692162
0.647375
0.634598
0.621696
0.668800
0.635610
0.639126
0.647998
0.641377
0.659513
0.624858
0.652662
0.645314
0.648192
0.625251
0.651809
0.634181
0.657786
0.669983
0.638732
0.624400
0.651124
0.649529
0.670680
0.652920
0.636297
0.643276
0.635563
0.650302
0.646142
0.648913
0.633572
0.656827
0.656128
0.633354
0.652674
0.643072
0.676428
0.644457
0.633899
0.643417
0.642305
0.647382
0.675308
0.689406
0.640920
0.652071
0.625094
0.643699
0.632510
0.643237
0.649971
0.653373
0.655737
0.641848
0.662019
0.642335
0.645530
0.653208
0.647900
0.639296
0.651939
0.636220
0.649829
0.647653
0.647663
0.656597
0.640328
0.639376
0.652940
0.649699
0.645905
0.646356
0.645945
0.649343
0.644083
0.645673
0.659403
0.638296
0.665464
0.655691
0.660409
0.649210
0.652180
0.635184
0.662506
0.644289
0.630418
0.658642
0.654582
0.654067
0.649829
0.660753
0.631212
0.641848
0.657767
0.651789
0.654517
0.652555
0.652191
0.660912
0.656336
0.666358
0.675720
0.641409
0.642502
0.653414
0.657267
0.641388
0.658333
0.641110
0.647838
0.658236
0.656561
0.643537
0.676906
0.644028
0.642810
0.637754
0.661500
0.660844
0.668056
0.641391
0.634957
0.637548
0.663490
0.649673
0.643017
0.656739
0.625936
0.644453
0.664749
0.664995
0.646155
0.652596
0.645937
0.642293
0.665229
0.648382
0.640386
0.626650
0.651677
0.636836
0.696734
0.651825
0.657654
0.643455
0.626021
0.631577
0.669851
0.649607
0.642201
0.654535
0.665440
0.650344
0.647339
0.649439
0.633464
0.636815
0.659588
0.672010
0.673409
0.629156
0.650475
0.666864
0.673931
0.651550
0.644965
0.636736
0.632619
0.645556
0.688495
0.679973
0.637561
0.639023
0.637960
0.660684
0.634011
0.651346
0.644244
0.653066
0.666386
0.682430
0.641079
0.642700
0.640754
0.657042
0.676390
0.640582
0.645104
0.710706
0.661411
0.656781
0.644989
0.640421
0.649428
0.635748
0.648526
0.660223
0.647991
0.651535
0.625959
0.630694
0.645905
0.638655
0.642707
0.638167
0.662691
0.643889
0.656683
0.663037
0.689146
0.650211
0.650026
0.653160
0.648098
0.634940
0.635990
0.708340
0.640313
0.687579
0.669360
0.653792
0.633612
0.654783
0.658591
0.661007
0.652600
0.642422
0.642176
0.656998
0.652424
0.647004
0.656082
0.646968
0.637104
0.639667
0.660602
0.671322
0.638173
0.623414
0.657348
0.658691
0.655133
0.656146
0.630752
0.659968
0.657726
0.645380
0.655719
0.634993
0.636936
0.677569
0.651795
0.645217
0.653951
0.651219
0.650308
0.635559
0.645401
0.639235
0.629348
0.655561
0.644155
0.644695
0.633088
0.651490
0.642766
0.647043
0.651187
0.635293
0.640215
0.656001
0.645643
0.629925
0.669367
0.654974
0.642301
0.667689
0.641539
0.653363
0.665609
0.651905
0.636453
0.660060
0.633432
0.651150
0.668766
0.640650
0.650572
0.667508
0.655084
0.649749
0.670636
0.640419
0.638978
0.647051
0.652101
0.664025
0.657609
0.647919
0.642435
0.662766
0.651991
0.681547
0.656457
0.644474
0.634468
0.677723
0.643744
0.640928
0.644024
0.647452
0.654817
0.646068
0.647851
0.639643
0.689829
0.641132
0.643701
0.661544
0.644704
0.646987
0.680337
0.638685
0.638065
0.665737
0.641363
0.650743
0.636398
0.659752
0.672614
0.664478
0.640399
0.657199
0.664013
0.647027
0.663102
