0.734957
0.702855
0.689118
0.704493
0.691858
0.672356
0.655534
0.674617
0.672126
0.695316
0.683823
0.667391
0.677213
0.680438
0.684781
0.674063
0.687911
0.686391
0.670054
0.663703
0.667194
0.678902
0.680913
0.677147
0.701121
0.677861
0.706530
0.658917
0.669506
0.672484
0.665586
0.675143
0.672575
0.672466
0.673459
0.724556
0.684254
0.680359
0.719909
1.094838
1.482408
1.076376
1.534423
1.122570
1.648208
1.191218
1.606301
1.056801
1.538122
1.100232
1.641229
0.993911
1.456003
1.039855
0.842777
0.855489
0.851817
0.876328
0.839423
0.854291
0.871608
0.844344
0.840156
0.787188
0.751152
0.756362
0.805935
0.777240
0.801581
0.807381
0.799328
0.835103
0.839331
0.803410
0.824215
0.835690
0.816286
0.811581
0.843321
0.853979
0.823867
0.824320
0.820387
0.807887
0.851170
0.840714
0.818897
0.842321
0.821822
0.820485
0.857238
0.834250
0.846744
0.822651
0.836566
0.811394
0.847910
0.812051
0.828544
0.839238
0.850489
0.840530
0.851805
0.826350
0.827627
0.841650
0.851638
0.857166
0.863030
0.838059
0.839208
0.834507
0.835662
0.848922
0.805560
0.795192
0.787807
0.808236
0.827360
0.855029
0.861103
0.839395
0.823204
0.861324
0.850112
0.846492
0.775933
0.760588
0.737943
0.744025
0.741660
0.738533
0.746877
0.812591
0.801867
0.844641
0.748896
0.711887
0.672356
0.696812
0.650993
0.660096
0.660721
0.655933
0.667418
0.657882
0.690110
0.666249
0.661940
0.649031
0.649175
0.647847
0.815831
0.659597
0.636729
0.674173
0.672360
0.663551
0.645405
0.675409
0.650751
0.647313
0.709143
0.664572
0.649036
0.638628
0.681717
0.653517
0.652283
0.660779
0.654305
0.674640
0.638758
0.669385
0.661119
0.664762
0.638843
0.665326
0.646260
0.670347
0.682923
0.652068
0.646455
0.673084
0.671714
0.692984
0.674668
0.658024
0.664939
0.657575
0.672339
0.669727
0.664993
0.649932
0.673553
0.675734
0.649622
0.667004
0.657748
0.691544
0.660313
0.652675
0.661775
0.658933
0.666781
0.695740
0.709037
0.657509
0.668366
0.646971
0.663650
0.654065
0.665182
0.673715
0.674892
0.676159
0.662482
0.683454
0.811459
0.813799
0.821599
0.816957
0.722643
0.741390
0.727342
0.742516
0.732637
0.725584
0.740668
0.662679
0.662845
0.680222
0.672139
0.667290
0.667974
0.668482
0.669381
0.665294
0.667601
0.681713
0.659734
0.687042
0.677725
0.681731
0.669735
0.672682
0.665164
0.680655
0.663041
0.652477
0.687827
0.676099
0.675327
0.672878
0.680506
0.650900
0.665032
0.674437
0.672097
0.677489
0.676941
0.676990
0.684260
0.676845
0.686318
0.691784
0.657427
0.658997
0.669453
0.671352
0.655324
0.673586
0.655866
0.662177
0.672785
0.670658
0.666523
0.699153
0.666493
0.666430
0.659235
0.683424
0.683647
0.691003
0.662872
0.667345
0.663729
0.679421
0.666003
0.662193
0.671364
0.640998
0.667251
0.696242
0.691991
0.660014
0.667354
0.660108
0.657048
0.679327
0.662429
0.655908
0.640505
0.665923
0.661272
0.712100
0.677745
1.028128
1.482163
1.040594
1.004746
0.688676
0.667930
0.666649
0.680132
0.694249
0.663669
0.664526
0.672132
0.658365
0.670023
0.689437
0.710282
0.704902
0.661572
0.686571
0.695726
0.703863
0.683368
0.679294
0.660733
0.655927
0.670464
0.709813
0.700748
0.662099
0.663378
0.661278
0.683682
0.654796
0.675490
0.669014
0.672873
0.684338
0.713043
0.660004
0.660308
0.664805
0.681696
0.702363
0.664942
0.669933
0.739296
0.686635
0.683780
0.674829
0.667755
0.674536
0.660557
0.674513
0.686348
0.676133
0.677879
0.650325
0.654514
0.670717
0.662839
0.669603
0.776734
0.800086
0.773315
0.768336
0.786277
0.805646
0.770359
0.808959
0.761985
0.757640
1.059562
1.029775
1.097042
1.114795
1.147567
0.701364
1.083670
0.667352
1.103833
0.691742
1.094532
1.054616
1.049739
0.993577
1.037017
1.019943
1.030964
0.689030
1.072014
1.012768
1.009467
0.688931
1.052321
1.036348
1.005782
1.033341
1.059527
1.025121
1.025384
1.008900
1.057829
1.136833
1.159130
1.161025
1.140980
0.924933
1.037540
1.052780
0.664634
0.673109
0.668064
0.667710
0.657657
0.663809
0.660540
0.647406
0.674134
0.661905
0.831346
0.647425
0.666672
0.657837
0.705576
1.133920
1.108435
1.127365
0.670420
0.661145
0.645566
0.690370
0.676506
0.668379
0.688754
0.665813
0.679718
0.690440
0.679617
0.661059
0.680991
0.652022
0.670109
0.691376
0.658990
0.665353
0.691149
0.678959
0.673884
0.698128
0.659018
0.660204
0.669720
0.674306
0.683739
0.679227
0.671111
0.666157
0.687254
0.672854
0.706427
0.676821
0.662707
0.651592
0.703805
0.668695
0.667031
0.667323
0.671602
0.692856
0.670808
0.673399
0.661449
0.710749
0.662257
0.672862
0.680638
0.662988
0.782255
1.091521
1.051863
1.092095
1.082999
1.078838
1.098259
1.117721
1.062562
1.067197
1.054667
0.997906
1.024263
1.044326
1.025566
1.057799
