0.052828
0.047685
0.050843
0.047615
0.048301
0.019212
0.018423
0.020237
0.019624
0.018415
0.019714
0.021014
0.022954
0.025505
0.024226
0.021521
0.020997
0.019277
0.019019
0.018076
0.018522
0.019513
0.018815
0.020194
0.020319
0.029024
0.022047
0.020182
0.021449
0.023447
0.019773
0.021551
0.023025
0.017000
0.017384
0.018038
0.019479
0.017667
0.018591
0.389825
0.823591
0.415092
0.865427
0.467407
0.989338
0.526160
0.893357
0.393488
0.860376
0.434672
0.968190
0.333632
0.792259
0.371094
0.185618
0.186591
0.187084
0.196319
0.184298
0.189547
0.190995
0.188502
0.173089
0.115892
0.110752
0.115405
0.126480
0.126452
0.129172
0.123501
0.127629
0.162583
0.163093
0.166677
0.176256
0.175363
0.164939
0.159815
0.157144
0.166323
0.156218
0.150944
0.153706
0.146004
0.171173
0.162350
0.169309
0.165999
0.170071
0.166626
0.175633
0.184698
0.179214
0.166576
0.174046
0.162688
0.159761
0.157531
0.171489
0.170459
0.184578
0.176674
0.185107
0.168446
0.169037
0.164740
0.177691
0.179937
0.177684
0.173318
0.178114
0.175650
0.172771
0.173532
0.148108
0.152159
0.140668
0.146971
0.170385
0.178606
0.178475
0.182603
0.173995
0.175668
0.187483
0.181928
0.092623
0.091390
0.094493
0.094599
0.091901
0.092403
0.098592
0.147705
0.158698
0.165945
0.067502
0.063823
0.009681
0.007745
0.007091
0.009543
0.007189
0.007935
0.008169
0.008964
0.007536
0.011154
0.010356
0.009278
0.012656
0.008043
0.146416
0.006916
0.006837
0.005649
0.007669
0.007541
0.004275
0.004639
0.006384
0.007103
0.006896
0.007664
0.004971
0.007279
0.003481
0.008348
0.003514
0.003164
0.003221
0.005528
0.004529
0.004966
0.006118
0.006677
0.003846
0.003875
0.002548
0.003219
0.003489
0.003926
0.012556
0.012036
0.012632
0.012307
0.012185
0.012594
0.012377
0.012486
0.012532
0.013992
0.006574
0.006569
0.007126
0.009966
0.006706
0.004932
0.004887
0.005228
0.006348
0.008274
0.008237
0.006972
0.010004
0.010305
0.010035
0.006911
0.006691
0.011907
0.010708
0.012239
0.012471
0.012946
0.012182
0.011115
0.011193
0.011454
0.159477
0.158586
0.157686
0.159656
0.073490
0.080009
0.081489
0.083297
0.075542
0.068272
0.072609
0.012877
0.013782
0.017777
0.012461
0.011945
0.011956
0.012780
0.010050
0.011467
0.012294
0.012524
0.012192
0.011834
0.012608
0.011874
0.010652
0.010058
0.020157
0.008635
0.008963
0.012684
0.011398
0.011746
0.011955
0.011155
0.009492
0.009094
0.011889
0.007015
0.010465
0.013198
0.015005
0.015108
0.012822
0.010898
0.006683
0.006472
0.006533
0.006870
0.006320
0.004465
0.004186
0.005618
0.005376
0.004814
0.004693
0.004750
0.012870
0.012600
0.013005
0.013867
0.011983
0.012341
0.013573
0.012372
0.012186
0.022846
0.015871
0.006259
0.006468
0.006781
0.005253
0.005400
0.013262
0.021752
0.017605
0.004392
0.004226
0.004772
0.004606
0.004316
0.004301
0.006049
0.004332
0.004671
0.012617
0.004888
0.016319
0.360757
0.828668
0.404053
0.363080
0.009158
0.008874
0.014989
0.016028
0.016817
0.003863
0.007448
0.013229
0.015222
0.023479
0.019937
0.028424
0.021672
0.022659
0.026579
0.019481
0.020031
0.022076
0.024211
0.014518
0.013689
0.014946
0.011232
0.011017
0.012162
0.014828
0.013714
0.013439
0.011194
0.014763
0.015259
0.010322
0.008410
0.017547
0.009465
0.008221
0.014395
0.015229
0.016268
0.014960
0.015065
0.018137
0.015488
0.017079
0.017530
0.017156
0.015588
0.015545
0.015747
0.016544
0.018717
0.016651
0.014654
0.014538
0.015260
0.014752
0.016640
0.129041
0.127837
0.119597
0.101380
0.111637
0.105872
0.110463
0.149355
0.099345
0.100036
0.414577
0.384374
0.379128
0.464578
0.449893
0.022218
0.420205
0.024124
0.439678
0.023763
0.423949
0.392006
0.397296
0.342127
0.370112
0.357846
0.373579
0.023059
0.415410
0.365850
0.359867
0.018812
0.371021
0.388855
0.372673
0.366265
0.390919
0.360312
0.359460
0.368255
0.388014
0.462515
0.503650
0.494860
0.496439
0.278408
0.350254
0.391402
0.009813
0.009735
0.007260
0.007918
0.011993
0.008278
0.011830
0.008320
0.008928
0.008061
0.176317
0.005087
0.005208
0.005489
0.048809
0.473285
0.462545
0.477017
0.005006
0.005562
0.005996
0.011302
0.009407
0.016237
0.011617
0.014514
0.016110
0.015400
0.018185
0.015204
0.010738
0.008944
0.009185
0.012758
0.008722
0.005254
0.014030
0.014002
0.014456
0.013964
0.009216
0.011851
0.013050
0.012358
0.009774
0.011946
0.013561
0.013493
0.014976
0.010982
0.015041
0.009568
0.008533
0.007694
0.016507
0.015360
0.016491
0.013428
0.014444
0.026117
0.015089
0.015860
0.012450
0.011403
0.011728
0.019535
0.009477
0.008564
0.125761
0.401156
0.403284
0.444292
0.407683
0.428134
0.436701
0.470766
0.393090
0.384935
0.380185
0.347868
0.356740
0.370577
0.368717
0.385230
