0.157992
0.806927
0.318101
0.331274
0.282715
0.251518
0.583227
0.582548
0.191964
0.170335
0.535130
0.808233
0.311981
0.803898
0.326366
0.248602
0.349779
0.460622
0.475626
0.594739
0.457947
0.557872
0.315918
0.588614
0.397877
0.792243
0.485779
0.383421
0.442131
0.496869
0.176019
0.284516
0.480232
0.361746
0.329125
0.774398
0.412041
0.370442
0.260580
0.202381
0.829101
0.594291
0.314727
1.754185
0.449566
0.155312
0.375920
0.481098
0.599708
0.335243
0.701125
0.287298
0.395112
0.634518
0.302839
0.475091
0.237930
0.209518
0.727902
0.497815
0.339244
0.640844
0.403440
0.153852
0.390356
0.640506
0.268668
0.666899
0.329253
0.618367
0.332915
0.501888
0.518089
0.265940
0.417709
0.361008
0.417088
0.360150
0.246180
0.488958
0.401535
0.253776
0.406102
0.405724
1.180434
0.208909
0.578435
0.758748
0.377922
0.260772
0.432974
0.274429
0.250611
0.638610
0.388114
0.382908
0.323934
1.261837
0.295421
0.322542
0.486047
0.532470
0.169201
0.771461
0.452561
0.552931
0.668944
0.650635
0.930778
0.437501
0.295899
0.571380
0.516990
0.332111
0.237114
0.229461
0.417855
0.785433
0.222088
0.384289
0.514278
0.551685
0.962815
0.381435
1.548117
0.456721
0.563060
0.493127
0.387936
0.190099
0.833007
0.340926
0.258868
1.090228
0.313864
0.311211
0.776506
0.247010
0.686766
0.254254
0.405808
0.297581
0.549638
0.214918
0.629631
0.313812
0.689726
0.599717
0.415802
0.356561
0.450014
0.541628
0.350138
0.727994
0.403533
0.505352
0.341309
0.464995
0.562886
0.581951
0.761454
0.406349
0.236689
0.187978
0.762709
0.628866
1.704373
0.890086
0.357920
1.156057
0.459407
1.138390
0.671038
0.743183
0.492666
0.176169
0.366436
1.515948
0.397859
0.458225
0.245042
0.423220
0.767817
0.250275
0.691877
0.238012
0.348001
0.652705
0.275418
0.628541
0.567406
0.393350
0.430012
0.469424
0.213073
0.394759
0.421703
0.913220
1.289791
0.333902
0.254542
0.447936
0.473885
0.369612
0.246986
0.315396
0.519073
0.937134
0.526918
0.421437
0.256072
0.195336
0.531715
0.429265
0.693624
0.339056
0.403891
0.263772
0.549127
0.345042
1.072039
0.406435
0.256481
0.590883
0.197367
0.287483
0.218193
0.511150
0.355330
0.545123
0.853793
0.798881
0.337774
0.328902
0.695952
0.373989
0.288174
0.349297
0.683162
0.281602
0.403975
1.030945
0.422411
0.204048
0.176980
0.883572
0.153560
0.447572
0.176392
0.660915
0.530019
0.404499
0.317252
0.653544
0.433959
0.252355
0.323903
0.553001
0.306800
0.191384
0.499687
0.413382
0.410274
0.864900
1.032954
0.341388
0.232414
0.643726
0.470715
0.194411
0.652602
0.842125
0.726097
0.445837
0.623720
0.449695
0.201331
0.243191
0.209562
0.180684
0.391738
0.712173
0.443900
0.743544
0.165393
0.980807
0.770052
0.284366
0.313061
0.275950
0.666688
0.551940
0.322005
0.394392
0.582738
0.479862
0.649493
0.338806
1.166429
0.557962
0.287241
0.711811
0.386563
0.369714
0.640829
0.493824
0.625200
0.799815
0.554502
0.277191
0.384214
0.422019
0.784128
0.234090
0.549847
0.470422
0.177619
0.238286
0.533520
0.419235
0.298411
0.485526
0.204062
0.245366
0.878469
0.754084
0.240099
0.209651
0.373710
0.495736
0.664930
0.287924
0.333423
0.493736
0.446131
0.302626
0.256100
0.175019
0.756469
0.951646
0.272381
1.034406
0.738057
0.530473
0.344985
0.236562
1.415521
0.746777
0.868960
0.296649
0.350356
0.280134
0.533907
0.336406
0.333013
0.499340
0.656848
0.291071
0.241119
0.442444
0.256352
0.229607
0.791527
0.393655
0.848281
0.272004
0.651063
0.399231
0.579858
0.398870
0.491523
0.660475
0.655141
0.952677
0.436188
0.832822
0.387283
0.259360
0.223279
0.497663
0.371457
0.510879
0.180418
0.281402
0.430053
0.344223
0.425899
0.390949
0.610715
0.247738
0.765240
0.347395
0.733467
0.463710
0.781963
0.218290
0.483783
0.321060
0.613350
0.512560
0.286901
0.275128
0.349655
0.558877
0.787691
0.515362
0.270744
0.719399
0.598513
0.416598
0.914340
0.208681
0.854889
1.004971
0.492090
0.332149
0.378981
0.250171
0.440527
0.939050
0.603724
0.376642
0.403634
0.217856
0.371053
0.193018
1.206581
0.345488
0.371280
0.399829
0.386623
0.562870
0.512631
0.227872
0.314124
0.301292
1.034308
0.600313
0.598579
0.577025
0.304345
0.481697
0.292932
0.225482
0.354004
0.228491
0.585776
0.300137
0.682555
0.409785
0.562896
0.441557
0.552637
0.943231
0.673570
0.499839
0.161225
0.272494
0.712209
0.867689
0.422026
0.399224
0.371866
0.387275
0.622081
0.749467
0.361724
0.355672
0.303516
0.617726
0.791865
0.662458
0.423164
0.741745
0.513901
0.355581
0.229263
0.302656
0.344276
0.219948
0.593061
0.706534
0.298382
0.334021
0.251265
0.592355
0.537930
0.497515
0.613943
0.370540
0.295123
0.446363
0.180561
0.534953
0.360999
0.314277
0.843690
0.947882
0.484516
0.363827
