0.105476
0.105305
0.105996
0.105379
0.103366
0.101988
0.100634
0.101508
0.103361
0.102171
0.103872
0.105191
0.100490
0.102160
0.105444
0.101137
0.106815
0.103969
0.103431
0.106611
0.100205
0.102650
0.104909
0.108562
0.099314
0.102205
0.101989
0.106753
0.101852
0.102373
0.100737
0.106519
0.103576
0.103647
0.105222
0.101712
0.100544
0.106434
0.101026
0.159189
0.220173
0.154612
0.241067
0.159234
0.251755
0.174864
0.221905
0.156501
0.219291
0.172942
0.233659
0.152292
0.224990
0.149197
0.125938
0.124700
0.132571
0.131813
0.124771
0.123930
0.126748
0.128767
0.124553
0.132541
0.121083
0.114537
0.125402
0.114035
0.119329
0.120259
0.115682
0.131739
0.120858
0.120819
0.125878
0.126723
0.131444
0.125028
0.122362
0.125918
0.122122
0.135950
0.120192
0.119700
0.128304
0.125797
0.127334
0.122296
0.127754
0.127919
0.119938
0.143235
0.136927
0.121734
0.129336
0.127819
0.128619
0.122259
0.127240
0.127782
0.126478
0.134657
0.120677
0.125781
0.126518
0.122430
0.139193
0.121391
0.120402
0.131564
0.125351
0.131965
0.124878
0.127074
0.117999
0.124007
0.121064
0.119312
0.122682
0.122809
0.125030
0.134250
0.135272
0.124720
0.124505
0.124556
0.126314
0.109789
0.119683
0.118550
0.113696
0.123203
0.114219
0.127117
0.124430
0.119355
0.112469
0.107355
0.099035
0.098854
0.106987
0.106316
0.096838
0.118015
0.102777
0.129364
0.104890
0.107594
0.099809
0.097860
0.100010
0.110342
0.139563
0.111105
0.099627
0.097219
0.105356
0.102129
0.109070
0.096663
0.097901
0.110407
0.100203
0.101517
0.098169
0.105379
0.100340
0.105726
0.099791
0.100584
0.099471
0.103120
0.104892
0.096739
0.097960
0.105325
0.101216
0.095731
0.105782
0.101612
0.098549
0.101682
0.100321
0.123341
0.104235
0.119136
0.110930
0.111244
0.106925
0.102115
0.099771
0.100206
0.112297
0.103708
0.097430
0.097440
0.098479
0.104753
0.108769
0.108981
0.102664
0.098649
0.110541
0.101779
0.112223
0.098552
0.106683
0.099193
0.101009
0.100879
0.103309
0.102893
0.100494
0.114182
0.098548
0.109984
0.102980
0.100882
0.120947
0.120368
0.121174
0.120554
0.120019
0.111486
0.110372
0.107328
0.107940
0.111703
0.113368
0.096422
0.107058
0.100778
0.105586
0.097564
0.105738
0.100910
0.098760
0.102973
0.103346
0.118642
0.098458
0.102301
0.109476
0.097370
0.111758
0.104727
0.104524
0.105686
0.105516
0.098055
0.099888
0.102410
0.111367
0.100241
0.104842
0.098247
0.101971
0.104819
0.100123
0.100123
0.101932
0.104912
0.097097
0.113740
0.109598
0.107763
0.102765
0.106209
0.100864
0.099801
0.112655
0.096985
0.105583
0.107565
0.101487
0.098276
0.105794
0.103956
0.110871
0.108139
0.098525
0.098876
0.100529
0.099720
0.103333
0.099620
0.116010
0.099605
0.109475
0.098943
0.104424
0.100844
0.103931
0.108666
0.102382
0.102487
0.099997
0.100577
0.104092
0.098648
0.099679
0.099109
0.098846
0.109850
0.100086
0.105832
0.097425
0.150477
0.232544
0.152268
0.147007
0.100002
0.100851
0.102087
0.109212
0.103192
0.102472
0.113289
0.110535
0.099161
0.103215
0.101389
0.099370
0.102537
0.112962
0.104058
0.101483
0.099178
0.111375
0.104134
0.103439
0.106445
0.110704
0.102924
0.122154
0.111091
0.103688
0.101717
0.099628
0.100406
0.102069
0.103158
0.100537
0.098371
0.112253
0.104147
0.107541
0.101696
0.101161
0.102036
0.108701
0.105127
0.105177
0.105196
0.099333
0.101534
0.105475
0.102795
0.099961
0.103666
0.098624
0.103287
0.106303
0.099528
0.105165
0.099432
0.098795
0.107030
0.118583
0.118452
0.115591
0.110935
0.126704
0.113199
0.121442
0.128665
0.116862
0.111699
0.162929
0.166697
0.152475
0.167272
0.159988
0.104701
0.164360
0.103778
0.162005
0.102280
0.161624
0.157189
0.158602
0.146451
0.155961
0.159971
0.152490
0.100140
0.161832
0.151445
0.150451
0.106568
0.153018
0.158664
0.152955
0.149066
0.110449
0.112671
0.133248
0.161876
0.120814
0.116948
0.169010
0.182070
0.171596
0.135976
0.144713
0.152183
0.098317
0.104076
0.100741
0.097696
0.121394
0.100603
0.108071
0.098742
0.097944
0.098721
0.125426
0.096298
0.099080
0.099932
0.111220
0.179750
0.164198
0.168154
0.097424
0.106560
0.102052
0.099280
0.097747
0.107354
0.105372
0.100516
0.099815
0.102712
0.115492
0.098991
0.099027
0.097453
0.103077
0.108410
0.100151
0.097527
0.104732
0.099764
0.098156
0.103608
0.098087
0.109188
0.099257
0.102544
0.117517
0.101302
0.109453
0.117751
0.103991
0.100877
0.101934
0.104366
0.099853
0.100447
0.105084
0.103742
0.106624
0.096768
0.099556
0.101807
0.102296
0.100767
0.098207
0.106949
0.108136
0.102174
0.099264
0.103498
0.116710
0.153763
0.170780
0.161823
0.158924
0.162200
0.157222
0.164515
0.157412
0.150499
0.153243
0.154359
0.148311
0.159330
0.147332
0.145522
