0.013208
0.014559
0.013325
0.013327
0.013463
0.013574
0.012954
0.013339
0.013241
0.013351
0.013000
0.013198
0.013367
0.013926
0.013477
0.013388
0.013265
0.013310
0.013385
0.014001
0.013981
0.013432
0.013334
0.013335
0.013763
0.016191
0.013460
0.013836
0.013169
0.013346
0.013359
0.013334
0.013703
0.013293
0.013936
0.013301
0.013456
0.013949
0.013311
0.012971
0.013390
0.013056
0.013634
0.014265
0.013417
0.014107
0.013243
0.014949
0.013697
0.013026
0.013161
0.015132
0.013369
0.013769
0.013854
0.013191
0.016666
0.013683
0.013870
0.013967
0.013407
0.013244
0.015152
0.013497
0.012870
0.018807
0.013662
0.013330
0.014963
0.013236
0.013510
0.012858
0.013357
0.013419
0.013133
0.013528
0.015022
0.013381
0.014103
0.014131
0.013187
0.013238
0.013348
0.014129
0.014727
0.013436
0.013436
0.021879
0.013668
0.013397
0.013526
0.013113
0.013325
0.013609
0.013163
0.013238
0.013173
0.013687
0.013079
0.013359
0.013300
0.020517
0.013496
0.013792
0.013241
0.013840
0.013456
0.013502
0.014109
0.013676
0.014454
0.013305
0.013324
0.013206
0.013037
0.013645
0.014294
0.013391
0.013259
0.013548
0.013445
0.013298
0.013255
0.013078
0.014005
0.014244
0.013837
0.013745
0.013993
0.013704
0.017911
0.013616
0.017228
0.013260
0.013553
0.013329
0.016915
0.012943
0.013464
0.013162
0.013338
0.013332
0.012872
0.013380
0.013602
0.013421
0.013314
0.013110
0.013300
0.013425
0.013096
0.014010
0.013395
0.017783
0.013568
0.013671
0.013431
0.019135
0.013220
0.013156
0.013375
0.013548
0.013204
0.013220
0.013189
0.013013
0.013417
0.014747
0.013533
0.013329
0.013736
0.013235
0.014570
0.013295
0.013453
0.012977
0.013287
0.013493
0.013348
0.013141
0.013453
0.013042
0.013505
0.013344
0.013262
0.013421
0.013520
0.013444
0.013115
0.013170
0.013261
0.013182
0.014841
0.013296
0.013082
0.013097
0.013583
0.013647
0.013376
0.013406
0.014284
0.013375
0.013253
0.013725
0.013271
0.013617
0.013111
0.013605
0.013432
0.013517
0.014077
0.012981
0.013510
0.014549
0.013107
0.013564
0.013573
0.013187
0.013281
0.013400
0.012930
0.013305
0.013160
0.013248
0.013593
0.013435
0.012913
0.013625
0.015502
0.013176
0.013310
0.013617
0.013408
0.013702
0.013532
0.013751
0.014568
0.013150
0.013742
0.013316
0.013931
0.013953
0.013372
0.013609
0.013587
0.013286
0.014608
0.013413
0.013152
0.013752
0.013432
0.013305
0.013347
0.013047
0.013427
0.013087
0.013211
0.013442
0.013804
0.013036
0.013110
0.013171
0.013419
0.021233
0.013712
0.014681
0.014048
0.013602
0.013363
0.013311
0.017451
0.013783
0.013528
0.013369
0.013286
0.015283
0.012994
0.012987
0.013126
0.013730
0.013112
0.013175
0.013333
0.013558
0.013277
0.013960
0.014614
0.013059
0.013104
0.013523
0.013524
0.013008
0.013086
0.013340
0.013695
0.013188
0.013962
0.014637
0.013727
0.014019
0.015337
0.013274
0.013034
0.013944
0.014817
0.013480
0.013274
0.013362
0.013603
0.013437
0.013234
0.014759
0.013373
0.013358
0.013432
0.013014
0.013094
0.013239
0.012992
0.013441
0.013506
0.013197
0.013178
0.013959
0.014051
0.013565
0.013341
0.013549
0.013201
0.013321
0.013914
0.013265
0.013270
0.014901
0.014209
0.013469
0.013090
0.013311
0.013303
0.013287
0.018545
0.013239
0.014016
0.013541
0.013419
0.013078
0.013192
0.013016
0.013201
0.013274
0.013113
0.013570
0.013615
0.014517
0.016419
0.013235
0.013468
0.014763
0.013179
0.013456
0.013694
0.013568
0.013413
0.013268
0.013388
0.013337
0.014283
0.013011
0.020669
0.013616
0.012984
0.012833
0.013522
0.013603
0.013320
0.013971
0.013516
0.013562
0.013086
0.013197
0.013067
0.013370
0.013573
0.012965
0.013414
0.017227
0.013484
0.013074
0.013361
0.012912
0.013087
0.013668
0.013322
0.013444
0.013438
0.013530
0.013022
0.013096
0.013631
0.013212
0.013070
0.013118
0.013999
0.013458
0.013006
0.013343
0.013683
0.013298
0.013553
0.014995
0.013136
0.013478
0.013382
0.014837
0.013609
0.013959
0.013741
0.013513
0.013105
0.013395
0.013895
0.013484
0.013368
0.013134
0.013455
0.013936
0.013336
0.013167
0.013505
0.013705
0.013193
0.013575
0.013384
0.013309
0.013256
0.013194
0.013450
0.013216
0.014639
0.013370
0.012972
0.013507
0.013089
0.013606
0.013242
0.013460
0.013559
0.012973
0.013546
0.013517
0.015706
0.013082
0.013211
0.013354
0.013429
0.013709
0.013823
0.015607
0.013606
0.013580
0.013111
0.013187
0.014853
0.012986
0.013318
0.013370
0.013583
0.014128
0.013437
0.013073
0.014080
0.013005
0.013149
0.013013
0.013343
0.013850
0.013491
0.013267
0.013475
0.014790
0.016219
0.014134
0.012936
0.013531
0.013743
0.013293
0.012997
0.013328
0.013735
0.013647
0.013188
0.013650
0.013400
0.013136
0.013454
0.013444
0.013386
0.013963
0.013490
0.013087
