0.007798
0.007205
0.006891
0.006876
0.006921
0.002774
0.002639
0.002592
0.002562
0.002728
0.002819
0.002585
0.003030
0.003770
0.003096
0.003110
0.003226
0.002925
0.002969
0.003351
0.002741
0.002860
0.002626
0.003002
0.003003
0.003268
0.003221
0.003772
0.003104
0.002853
0.003086
0.002952
0.003275
0.002338
0.002355
0.002398
0.002365
0.003683
0.003119
0.052576
0.117227
0.057923
0.138893
0.063509
0.155659
0.075806
0.122529
0.056644
0.119901
0.076177
0.135527
0.052995
0.119704
0.051219
0.025934
0.026179
0.033520
0.029573
0.026221
0.027964
0.026798
0.028291
0.026558
0.019635
0.017153
0.015716
0.018505
0.018533
0.018055
0.017823
0.018609
0.022455
0.022870
0.024226
0.025343
0.023758
0.022186
0.022009
0.023122
0.022933
0.020801
0.022615
0.024263
0.020551
0.022499
0.024154
0.023905
0.023766
0.025875
0.022815
0.022388
0.024957
0.035777
0.023229
0.023493
0.023690
0.029042
0.024991
0.024499
0.024464
0.026744
0.024691
0.025107
0.026701
0.023911
0.023541
0.024433
0.024581
0.023795
0.025176
0.027832
0.027137
0.024715
0.026519
0.021987
0.025662
0.020081
0.020886
0.026264
0.023718
0.025410
0.026280
0.028818
0.026385
0.024434
0.026032
0.014653
0.013660
0.015114
0.013553
0.013424
0.013511
0.012921
0.022239
0.027058
0.021367
0.009891
0.009342
0.001351
0.000973
0.000970
0.001392
0.000934
0.001246
0.001085
0.002149
0.001049
0.003468
0.001564
0.001342
0.001403
0.001725
0.021898
0.001117
0.001139
0.001225
0.001421
0.001161
0.000670
0.000625
0.000910
0.001126
0.001078
0.001061
0.000644
0.001190
0.000478
0.000507
0.000485
0.000458
0.000431
0.000868
0.000584
0.000626
0.000745
0.001035
0.000580
0.000436
0.000364
0.000419
0.000460
0.000575
0.001807
0.002804
0.001904
0.002164
0.001977
0.001785
0.001967
0.001714
0.001767
0.002094
0.001124
0.000972
0.001137
0.000876
0.000973
0.000654
0.000772
0.000736
0.001092
0.001153
0.001312
0.001111
0.001359
0.001334
0.001492
0.001035
0.000926
0.000988
0.001699
0.001687
0.001736
0.001556
0.001833
0.001870
0.002956
0.001541
0.024602
0.022299
0.022851
0.024594
0.011414
0.014746
0.012268
0.011397
0.010603
0.009812
0.009865
0.001768
0.002096
0.002413
0.001885
0.001861
0.001613
0.001404
0.001361
0.001578
0.001845
0.001754
0.001937
0.002224
0.001863
0.002274
0.006252
0.001484
0.002402
0.001403
0.001261
0.001920
0.001477
0.001688
0.001635
0.001786
0.001487
0.001434
0.001693
0.001004
0.001396
0.001724
0.002323
0.002483
0.001532
0.001689
0.001025
0.001035
0.000942
0.001129
0.000528
0.000633
0.000653
0.000891
0.000997
0.000761
0.000660
0.000643
0.001985
0.002031
0.001959
0.002252
0.001604
0.001619
0.001876
0.001873
0.001691
0.001683
0.001869
0.000862
0.001003
0.000937
0.000803
0.000721
0.001451
0.002341
0.002571
0.000762
0.000604
0.000772
0.000620
0.000621
0.000631
0.000616
0.000979
0.000646
0.001694
0.000758
0.001920
0.049620
0.130844
0.055850
0.050999
0.001171
0.001333
0.002154
0.002488
0.001989
0.000540
0.001006
0.001827
0.002309
0.003161
0.002916
0.003081
0.005247
0.005047
0.002938
0.002944
0.002744
0.003299
0.003412
0.002108
0.002040
0.002482
0.001828
0.001760
0.001606
0.002144
0.002500
0.001882
0.001564
0.002098
0.002924
0.001393
0.001189
0.002559
0.001643
0.001098
0.002173
0.004221
0.002406
0.002071
0.002313
0.002395
0.006060
0.002886
0.002420
0.002361
0.002289
0.002052
0.002681
0.002278
0.002673
0.002384
0.002275
0.002256
0.002133
0.002456
0.002526
0.019688
0.018019
0.017728
0.014357
0.014480
0.014695
0.018820
0.021444
0.014399
0.014972
0.064398
0.061233
0.051675
0.068111
0.062667
0.003165
0.061973
0.003437
0.063624
0.003279
0.062060
0.054315
0.059116
0.049692
0.050823
0.057800
0.050798
0.003236
0.059518
0.053113
0.051947
0.002693
0.052942
0.053536
0.055163
0.050361
0.049098
0.053867
0.068996
0.078794
0.042000
0.054777
0.068560
0.082744
0.072296
0.039278
0.046661
0.053335
0.001391
0.001164
0.000987
0.001065
0.001179
0.001234
0.001163
0.001116
0.001321
0.001115
0.026655
0.000695
0.000732
0.000702
0.008120
0.078918
0.067263
0.066396
0.000740
0.000788
0.000796
0.001692
0.001482
0.002116
0.001568
0.001992
0.002429
0.002144
0.002372
0.002004
0.001555
0.001257
0.001342
0.001794
0.001389
0.000737
0.002100
0.002002
0.001960
0.002058
0.001227
0.002025
0.001815
0.001704
0.001491
0.001888
0.001877
0.002743
0.002068
0.001517
0.001992
0.001175
0.001199
0.001178
0.003957
0.002360
0.002311
0.001898
0.002193
0.002321
0.004077
0.002152
0.001524
0.001831
0.001580
0.002968
0.001558
0.001348
0.019894
0.055055
0.058778
0.063796
0.060111
0.063669
0.059905
0.067067
0.055777
0.052200
0.056386
0.048263
0.049391
0.052758
0.049781
0.050731
