0.088622
0.089628
0.089952
0.089799
0.088033
0.090622
0.089277
0.090097
0.092418
0.090934
0.092339
0.094066
0.088955
0.089770
0.093787
0.089471
0.094582
0.092615
0.091881
0.094851
0.088667
0.090872
0.093306
0.096760
0.087861
0.090221
0.090262
0.092147
0.090070
0.090702
0.089211
0.095144
0.091554
0.092482
0.093200
0.090144
0.089701
0.093623
0.089005
0.097949
0.093996
0.086816
0.093687
0.087022
0.087267
0.090471
0.090536
0.091483
0.090608
0.088311
0.089233
0.090519
0.095492
0.089098
0.091103
0.089858
0.089775
0.093405
0.089501
0.087029
0.091257
0.091688
0.089401
0.104294
0.095110
0.090303
0.097938
0.086625
0.092465
0.093847
0.088464
0.100257
0.089270
0.087963
0.091612
0.093980
0.100796
0.094305
0.090623
0.094119
0.092804
0.104541
0.087542
0.090645
0.096861
0.092272
0.094537
0.090049
0.093032
0.096171
0.088397
0.109492
0.092542
0.089629
0.096978
0.095617
0.090115
0.088790
0.093926
0.094534
0.090995
0.101018
0.087300
0.089880
0.094081
0.090125
0.105926
0.088107
0.088031
0.092212
0.088880
0.095386
0.091504
0.091609
0.087471
0.089830
0.091906
0.089644
0.087832
0.089971
0.091053
0.099502
0.097751
0.089608
0.091591
0.089903
0.102988
0.086893
0.095097
0.096402
0.091449
0.100960
0.092702
0.096210
0.088826
0.089410
0.093910
0.089175
0.088993
0.089109
0.097297
0.096348
0.087426
0.107624
0.093136
0.118692
0.095282
0.095606
0.089545
0.087945
0.089940
0.098833
0.108166
0.101255
0.089924
0.087565
0.089729
0.092414
0.099673
0.087700
0.088403
0.100511
0.090176
0.091118
0.088790
0.095585
0.091026
0.096614
0.090758
0.091192
0.090406
0.091850
0.095468
0.087710
0.088881
0.095446
0.091931
0.086825
0.097006
0.092247
0.088517
0.092369
0.089802
0.111601
0.093974
0.107455
0.099746
0.099969
0.096436
0.091888
0.089614
0.087708
0.101166
0.094312
0.087794
0.088065
0.088749
0.095588
0.099275
0.099490
0.092987
0.088827
0.100515
0.091998
0.102352
0.088465
0.096391
0.089643
0.091388
0.091131
0.091531
0.092176
0.090132
0.103741
0.087676
0.099701
0.091346
0.090871
0.087661
0.089439
0.089862
0.087402
0.099996
0.088148
0.089589
0.087174
0.088657
0.092177
0.094928
0.085883
0.096069
0.089957
0.094740
0.086542
0.095568
0.091121
0.088441
0.092980
0.091017
0.108191
0.088048
0.090710
0.097491
0.086669
0.096838
0.094492
0.093587
0.095584
0.095716
0.087781
0.089955
0.091970
0.100779
0.089694
0.094797
0.088205
0.091492
0.095419
0.090177
0.089776
0.090972
0.093460
0.087182
0.103458
0.099640
0.098167
0.093318
0.095127
0.091496
0.089865
0.103278
0.087625
0.095345
0.098310
0.092160
0.088899
0.095411
0.093375
0.100082
0.097046
0.088592
0.088564
0.089371
0.089166
0.093089
0.089529
0.105093
0.089904
0.098732
0.089527
0.093913
0.091603
0.093902
0.097479
0.090492
0.092799
0.090719
0.090921
0.094616
0.089506
0.090486
0.089498
0.089299
0.100320
0.089603
0.096360
0.086932
0.092019
0.092968
0.087778
0.086994
0.089979
0.090540
0.091389
0.097931
0.092410
0.092887
0.103733
0.100300
0.088218
0.091577
0.089879
0.087711
0.088574
0.096689
0.092339
0.089583
0.087797
0.099398
0.091803
0.092755
0.095746
0.099498
0.092621
0.110992
0.100654
0.092937
0.090711
0.088998
0.090297
0.091431
0.091581
0.090407
0.088774
0.101012
0.093853
0.097853
0.090650
0.088349
0.090700
0.097316
0.092886
0.094391
0.090494
0.087607
0.089932
0.094183
0.091538
0.089267
0.091997
0.087595
0.091643
0.095158
0.088729
0.094393
0.088146
0.087790
0.095020
0.090300
0.091743
0.089361
0.087932
0.103519
0.089888
0.094129
0.098143
0.093716
0.088209
0.089018
0.095620
0.092094
0.090736
0.088225
0.093107
0.088152
0.091446
0.089963
0.090327
0.090871
0.094238
0.091056
0.087988
0.096119
0.093655
0.092996
0.088463
0.093620
0.089788
0.089768
0.095078
0.091335
0.096412
0.088101
0.089700
0.052855
0.050121
0.055633
0.073482
0.070239
0.053350
0.091936
0.090769
0.090728
0.088197
0.088612
0.089657
0.088241
0.094075
0.091070
0.088213
0.111230
0.090502
0.098416
0.088648
0.088087
0.088813
0.089465
0.087140
0.089565
0.090564
0.094138
0.092100
0.088138
0.093163
0.088193
0.096409
0.092825
0.088768
0.087369
0.096746
0.095239
0.090114
0.088898
0.092059
0.104567
0.087916
0.088654
0.087524
0.092239
0.097941
0.089973
0.088273
0.094302
0.089252
0.087359
0.093198
0.088325
0.098485
0.088793
0.092028
0.107325
0.090775
0.099138
0.106483
0.093364
0.090809
0.091315
0.094434
0.090123
0.090428
0.092481
0.092590
0.095740
0.086382
0.088405
0.090828
0.089527
0.089693
0.088264
0.096284
0.097468
0.090432
0.089246
0.093429
0.088069
0.090021
0.103338
0.089352
0.090374
0.089985
0.088239
0.088812
0.092854
0.089533
0.088441
0.096848
0.090345
0.096640
0.088484
0.086144
