0.007918
0.007284
0.007002
0.006971
0.007000
0.002864
0.002730
0.002700
0.002648
0.002805
0.002912
0.002684
0.003114
0.003848
0.003181
0.003204
0.003315
0.003003
0.003056
0.003440
0.002828
0.002947
0.002717
0.003091
0.003087
0.003357
0.003316
0.003852
0.003193
0.002941
0.003159
0.003028
0.003377
0.002420
0.002435
0.002475
0.002439
0.003763
0.003243
0.052688
0.117360
0.058033
0.139044
0.063608
0.155779
0.075908
0.122657
0.056743
0.120027
0.076298
0.135647
0.053105
0.119814
0.051329
0.026036
0.026279
0.033624
0.029676
0.026330
0.028081
0.026907
0.028404
0.026668
0.019761
0.017236
0.015802
0.018617
0.018634
0.018163
0.017907
0.018712
0.022556
0.022971
0.024322
0.025442
0.023871
0.022291
0.022117
0.023232
0.023042
0.020910
0.022764
0.024358
0.020661
0.022600
0.024262
0.024018
0.023851
0.025998
0.022918
0.022482
0.025063
0.035899
0.023321
0.023590
0.023801
0.029141
0.025105
0.024598
0.024576
0.026839
0.024799
0.025212
0.026802
0.024038
0.023697
0.024536
0.024681
0.023899
0.025280
0.027968
0.027240
0.024810
0.026622
0.022098
0.025760
0.020180
0.020978
0.026368
0.023821
0.025507
0.026382
0.028928
0.026503
0.024549
0.026137
0.014729
0.013769
0.015206
0.013654
0.013532
0.013618
0.013026
0.022349
0.027155
0.021458
0.009995
0.009427
0.001442
0.001062
0.001061
0.001482
0.001017
0.001344
0.001175
0.002224
0.001142
0.003567
0.001653
0.001429
0.001493
0.001805
0.022011
0.001213
0.001229
0.001322
0.001522
0.001252
0.000759
0.000712
0.000995
0.001218
0.001171
0.001151
0.000731
0.001288
0.000570
0.000597
0.000574
0.000545
0.000521
0.000963
0.000671
0.000712
0.000834
0.001124
0.000671
0.000522
0.000452
0.000507
0.000548
0.000677
0.001895
0.002905
0.001998
0.002267
0.002070
0.001871
0.002056
0.001812
0.001842
0.002183
0.001216
0.001059
0.001226
0.000964
0.001126
0.000748
0.000868
0.000828
0.001182
0.001239
0.001401
0.001200
0.001459
0.001422
0.001583
0.001126
0.001025
0.001072
0.001791
0.001952
0.001826
0.001652
0.001920
0.001958
0.003050
0.001629
0.024729
0.022415
0.022968
0.024704
0.011500
0.014854
0.012369
0.011502
0.010699
0.009924
0.009970
0.001853
0.002200
0.002502
0.001976
0.001950
0.001702
0.001490
0.001449
0.001669
0.001942
0.001841
0.002024
0.002318
0.001958
0.002362
0.006403
0.001574
0.002498
0.001483
0.001351
0.002009
0.001565
0.001778
0.001724
0.001890
0.001575
0.001524
0.001786
0.001092
0.001494
0.001812
0.002410
0.002575
0.001605
0.001779
0.001121
0.001123
0.001028
0.001220
0.000618
0.000722
0.000741
0.001014
0.001087
0.000850
0.000746
0.000731
0.002073
0.002130
0.002050
0.002338
0.001698
0.001706
0.001965
0.001963
0.001778
0.001770
0.001956
0.000949
0.001094
0.001025
0.000901
0.000807
0.001540
0.002436
0.002657
0.000852
0.000699
0.000869
0.000709
0.000709
0.000723
0.000705
0.001083
0.000734
0.001783
0.000849
0.002008
0.049716
0.130995
0.055969
0.051094
0.001262
0.001429
0.002231
0.002580
0.002091
0.000629
0.001095
0.001921
0.002415
0.003240
0.003005
0.003165
0.005335
0.005152
0.003027
0.003042
0.002831
0.003394
0.003492
0.002195
0.002131
0.002684
0.001927
0.001848
0.001694
0.002247
0.002590
0.001967
0.001652
0.002187
0.002998
0.001485
0.001277
0.002653
0.001742
0.001186
0.002263
0.004301
0.002483
0.002171
0.002403
0.002469
0.006152
0.002977
0.002512
0.002450
0.002379
0.002138
0.002778
0.002365
0.002761
0.002472
0.002372
0.002344
0.002221
0.002541
0.002615
0.019792
0.018156
0.017809
0.014464
0.014612
0.014792
0.018898
0.021552
0.014519
0.015079
0.064507
0.061352
0.051787
0.068217
0.062780
0.003255
0.062082
0.003533
0.063732
0.003367
0.062175
0.054407
0.059224
0.049806
0.050926
0.057908
0.050916
0.003327
0.059623
0.053222
0.052067
0.002784
0.053047
0.053667
0.055259
0.050467
0.049214
0.053973
0.069098
0.078918
0.042102
0.054874
0.068657
0.082858
0.072421
0.039384
0.046786
0.053440
0.001482
0.001251
0.001079
0.001155
0.001277
0.001323
0.001251
0.001206
0.001411
0.001205
0.026768
0.000781
0.000824
0.000792
0.008211
0.079058
0.067374
0.066504
0.000828
0.000880
0.000886
0.001781
0.001574
0.002207
0.001655
0.002081
0.002534
0.002234
0.002449
0.002080
0.001644
0.001347
0.001434
0.001884
0.001486
0.000826
0.002189
0.002092
0.002049
0.002145
0.001305
0.002114
0.001902
0.001795
0.001582
0.001975
0.001968
0.002835
0.002144
0.001606
0.002077
0.001263
0.001287
0.001266
0.004046
0.002449
0.002402
0.001988
0.002281
0.002411
0.004160
0.002240
0.001607
0.001926
0.001671
0.003083
0.001646
0.001436
0.019987
0.055169
0.058888
0.063907
0.060224
0.063779
0.060008
0.067177
0.055923
0.052334
0.056486
0.048365
0.049499
0.052929
0.049883
0.050837
