0.000234
0.000232
0.000248
0.000240
0.000239
0.000240
0.000231
0.000221
0.000230
0.000478
0.000365
0.000234
0.000227
0.000238
0.000227
0.000220
0.000196
0.000235
0.000207
0.000216
0.000385
0.000211
0.000232
0.000209
0.000205
0.000436
0.000198
0.000213
0.000243
0.000207
0.000216
0.000291
0.000235
0.000206
0.000207
0.000218
0.000245
0.000213
0.000215
0.000239
0.000362
0.000207
0.000212
0.000197
0.000208
0.000229
0.000208
0.000209
0.000218
0.000212
0.000204
0.000206
0.000220
0.000233
0.000204
0.000228
0.000244
0.000216
0.000257
0.000240
0.000213
0.000212
0.000234
0.000271
0.000205
0.000259
0.000210
0.000208
0.000218
0.000206
0.000207
0.000197
0.000247
0.000192
0.000213
0.000229
0.000205
0.000225
0.000205
0.000210
0.000212
0.000280
0.000208
0.000233
0.000212
0.000220
0.000240
0.000216
0.000234
0.000220
0.000199
0.000226
0.000211
0.000211
0.000241
0.000207
0.000204
0.000196
0.000209
0.000207
