0.116190
0.097100
0.097855
0.102991
0.100313
0.099728
0.107785
0.099773
0.096670
0.103855
0.096779
0.097637
0.099334
0.107350
0.097863
0.098300
0.096052
0.102963
0.098104
0.095561
0.106112
0.095115
0.099468
0.098003
0.098145
0.097402
0.095888
0.094730
0.102129
0.098744
0.098813
0.098781
0.100007
0.097912
0.097312
0.112850
0.110048
0.095489
0.100589
0.105395
0.094688
0.099787
0.100365
0.098042
0.100945
0.107875
0.100467
0.100085
0.098130
0.097086
0.098152
0.096844
0.097209
0.098908
0.099832
0.110667
0.100432
0.103691
0.099568
0.105129
0.096399
0.106141
0.103182
0.106769
0.103586
0.114237
0.096517
0.095685
0.099892
0.096330
0.098420
0.098510
0.098220
0.095442
0.100376
0.100756
0.097815
0.097083
0.096764
0.097103
0.097572
0.097709
0.097579
0.100829
0.097789
0.100256
0.097440
0.097723
0.099278
0.102011
0.099635
0.095673
0.096854
0.102888
0.098849
0.096124
0.094677
0.101281
0.096787
0.096716
