0.000083
0.000093
0.000085
0.000091
0.000078
0.000093
0.000080
0.000075
0.000084
0.000077
0.000079
0.000077
0.000078
0.000096
0.000080
0.000076
0.000075
0.000083
0.000078
0.000078
0.000087
0.000078
0.000090
0.000079
0.000075
0.000066
0.000076
0.000076
0.000086
0.000077
0.000079
0.000092
0.000081
0.000076
0.000078
0.000079
0.000089
0.000076
0.000076
0.000085
0.000075
0.000086
0.000080
0.000075
0.000080
0.000084
0.000078
0.000078
0.000079
0.000076
0.000076
0.000078
0.000077
0.000078
0.000077
0.000078
0.000071
0.000076
0.000082
0.000084
0.000080
0.000077
0.000082
0.000081
0.000076
0.000087
0.000075
0.000078
0.000077
0.000077
0.000076
0.000077
0.000085
0.000076
0.000101
0.000079
0.000076
0.000085
0.000084
0.000075
0.000076
0.000073
0.000078
0.000084
0.000077
0.000079
0.000088
0.000079
0.000096
0.000080
0.000079
0.000085
0.000090
0.000081
0.000063
0.000076
0.000076
0.000077
0.000077
0.000080
