0.000098
0.000101
0.000094
0.000093
0.000097
0.000092
0.000091
0.000105
0.000088
0.000140
0.000083
0.000092
0.000094
0.000094
0.000115
0.000099
0.000082
0.000105
0.000091
0.000083
0.000093
0.000104
0.000101
0.000103
0.000089
0.000084
0.000089
0.000089
0.000097
0.000097
0.000096
0.000105
0.000104
0.000091
0.000096
0.000096
0.000093
0.000096
0.000092
0.000385
0.000103
0.000094
0.000088
0.000117
0.000103
0.000101
0.000096
0.000094
0.000091
0.000087
0.000100
0.000106
0.000088
0.000093
0.000093
0.000099
0.000121
0.000092
0.000100
0.000097
0.000091
0.000113
0.000090
0.000095
0.000093
0.000091
0.000089
0.000097
0.000108
0.000103
0.000095
0.000106
0.000099
0.000105
0.000089
0.000098
0.000088
0.000106
0.000089
0.000104
0.000088
0.000105
0.000092
0.000094
0.000109
0.000107
0.000107
0.000092
0.000095
0.000096
0.000094
0.000094
0.000100
0.000093
0.000098
0.000111
0.000101
0.000087
0.000084
0.000088
0.000103
0.000099
0.000102
0.000096
0.000080
0.000103
0.000252
0.000094
0.000097
0.000093
0.000097
0.000088
0.000090
0.000108
0.000094
0.000086
0.000084
0.000092
0.000102
0.000104
0.000092
0.000099
0.000106
0.000096
0.000088
0.000100
0.000098
0.000103
0.000101
0.000096
0.000091
0.000088
0.000094
0.000096
0.000107
0.000081
0.000083
0.000101
0.000088
0.000096
0.000088
0.000085
0.000093
0.000100
0.000084
0.000091
0.000110
0.000107
0.000085
0.000097
0.000085
0.000089
0.000100
0.000112
0.000089
0.000089
0.000119
0.000124
0.000101
0.000093
0.000101
0.000098
0.000097
0.000103
0.000090
0.000094
0.000089
0.000097
0.000090
0.000095
0.000123
0.000092
0.000093
0.000088
0.000087
0.000096
0.000091
0.000089
0.000088
0.000102
0.000093
0.000093
0.000096
0.000097
0.000107
0.000095
0.000090
0.000089
0.000108
0.000096
0.000107
0.000104
0.000097
0.000086
0.000101
0.000091
0.000094
0.000106
0.000096
0.000088
0.000093
0.000093
0.000286
0.000088
0.000101
0.000094
0.000084
0.000093
0.000093
0.000090
0.000091
0.000095
0.000109
0.000084
0.000077
0.000096
0.000097
0.000106
0.000101
0.000092
0.000105
0.000103
0.000118
0.000090
0.000096
0.000107
0.000087
0.000096
0.000113
0.000082
0.000110
0.000090
0.000104
0.000080
0.000079
0.000093
0.000131
0.000097
0.000087
0.000099
0.000097
0.000100
0.000096
0.000090
0.000093
0.000108
0.000104
0.000102
0.000088
0.000104
0.000119
0.000093
0.000094
0.000088
0.000130
0.000108
0.000110
0.000084
0.000093
0.000091
0.000087
0.000115
0.000099
0.000098
0.000090
0.000095
0.000102
0.000086
0.000092
0.000079
0.000089
0.000097
0.000099
0.000109
0.000093
0.000097
0.000096
0.000080
0.000094
0.000094
0.000095
0.000134
0.000106
0.000104
0.000078
0.000104
0.000524
0.000098
0.000105
0.000093
0.000092
0.000096
0.000094
0.000105
0.000106
0.000094
0.000096
0.000099
0.000099
0.000107
0.000109
0.000095
0.000101
0.000100
0.000083
0.000098
0.000091
0.000085
0.000103
0.000100
0.000098
0.000086
0.000095
0.000079
0.000094
0.000099
0.000103
0.000097
0.000111
0.000094
0.000092
0.000093
0.000112
0.000100
0.000100
0.000163
0.000101
0.000111
0.000101
0.000100
0.000093
0.000088
0.007001
0.000095
0.000102
0.000101
0.000102
0.000109
0.000123
0.000097
0.000106
0.000100
0.000085
0.000090
0.000085
0.000093
0.000094
0.000098
0.000110
0.000088
0.000095
0.000102
0.000095
0.000099
0.000087
0.000093
0.000094
0.000102
0.000089
0.000108
0.000105
0.000103
0.000101
0.000112
0.000100
0.000091
0.000084
0.000100
0.000092
0.000096
0.000080
0.000090
0.000094
0.000096
0.000108
0.000089
0.000096
0.000105
0.000103
0.000094
0.000102
0.000103
0.000088
0.000088
0.000098
0.000106
0.000086
0.000089
0.000100
0.000091
0.000084
0.000095
0.000091
0.000100
0.000080
0.000094
0.000087
0.000101
0.000101
0.000097
0.000092
0.000103
0.000102
0.000095
0.000080
0.000090
0.000089
0.000087
0.000093
0.000103
0.000103
0.000107
0.000102
0.000097
0.000094
0.000088
0.000087
0.000103
0.000097
0.000098
0.000094
0.000093
0.000100
0.000093
0.000106
0.000095
0.000085
0.000103
0.000100
0.000100
0.000094
0.000128
0.000090
0.000098
0.000094
0.000096
0.000122
0.000088
0.000098
0.000102
0.000095
0.000089
0.000096
0.000122
0.000103
0.000101
0.000102
0.000085
0.000096
0.000092
0.000095
0.000089
0.000103
0.000095
0.000100
0.000098
0.000099
0.000107
0.000096
0.000096
0.000103
0.000096
0.000118
0.000094
0.000098
0.000108
0.000095
0.000099
0.000113
0.000089
0.000123
0.000116
0.000100
0.000225
0.000093
0.000100
0.000103
0.000100
0.000098
0.000088
0.000100
0.000095
0.000097
0.000087
0.000088
0.000102
0.000087
0.000112
0.000118
0.000099
0.000086
0.000099
0.000104
0.000092
0.000109
0.000103
0.000092
0.000090
0.000098
0.000104
0.000106
0.000097
0.000111
0.000108
0.000081
0.000088
0.000095
0.000103
0.000096
0.000097
0.000092
0.000112
0.000105
0.000101
0.000095
0.000106
0.000099
0.000098
0.000091
0.000104
0.000092
0.000109
0.000104
0.000100
0.000091
0.000089
0.000103
0.000102
0.000104
0.000086
0.000098
0.000098
0.000095
0.000091
0.000103
0.000097
0.000087
0.000082
0.000107
0.000097
0.000107
0.000090
0.000103
0.000115
0.000106
0.000096
0.000099
0.000091
0.000097
0.000096
0.000088
0.000086
0.000174
0.000099
0.000107
0.000094
0.000133
0.000101
0.000102
0.000102
0.000096
0.000096
0.000086
0.000109
0.000096
0.000089
0.000104
0.000104
0.000092
0.000095
0.000095
0.000127
0.000133
0.000094
0.000095
0.000080
0.000109
0.000094
0.000098
0.000100
0.000095
0.000093
0.000099
0.000095
0.000101
0.000105
0.000102
0.000098
0.000132
0.000094
0.000118
0.000082
0.000103
0.000097
0.000094
0.000097
0.000094
0.000085
0.000097
0.000081
0.000091
0.000105
0.000101
0.000102
0.000088
0.000097
0.000099
0.000097
0.000105
0.000094
0.000085
0.000086
0.000114
0.000114
0.000108
0.000098
0.000101
0.000092
0.000098
0.000087
0.000091
0.000084
0.000096
0.000104
0.000098
0.000099
0.000086
0.000100
0.000090
0.000087
0.000102
0.000080
0.000095
0.000087
0.000091
0.000102
0.000093
0.000100
0.000096
0.000089
0.000101
0.000097
0.000153
0.000096
0.000100
0.000115
0.000095
0.000131
0.000083
0.000091
0.000103
0.000105
0.000092
0.000087
0.000098
0.000085
0.000101
0.000097
0.000115
0.000109
0.000107
0.000171
0.000107
0.000099
0.000095
0.000085
0.000108
0.000097
0.000107
0.000092
0.000109
0.000098
0.000090
0.000094
0.000094
0.000111
0.000095
0.000102
0.000100
0.000091
0.000103
0.000106
0.000101
0.000095
0.000098
0.000091
0.000115
0.000092
0.000095
0.000088
0.000087
0.000096
0.000092
0.000109
0.000097
0.000090
0.000090
0.000092
0.000098
0.000087
0.000106
0.000149
0.000087
0.000090
0.000086
0.000087
0.000097
0.000091
0.000120
0.000099
0.000111
0.000094
0.000099
0.000104
0.000097
0.000096
0.000103
0.000097
0.000089
0.000084
0.000107
0.000090
0.000098
0.000089
0.000100
0.000095
0.000105
0.000094
0.000085
0.000116
0.000088
0.000095
0.000159
0.000098
0.000089
0.000091
0.000091
0.000095
0.000099
0.000090
0.000098
0.000093
0.000095
0.000106
0.000098
0.000102
0.000098
0.000085
0.000104
0.000098
0.000089
0.000118
0.000094
0.000089
0.000104
0.000108
0.000088
0.000096
0.000106
0.000096
0.000092
0.000089
0.000105
0.000100
0.000090
0.000096
0.000110
0.000083
0.000095
0.000093
0.000098
0.000089
0.000091
0.000087
0.000089
0.000097
0.000096
0.000096
0.000096
0.000089
0.000090
0.000093
0.000091
0.000105
0.000097
0.000094
0.000101
0.000099
0.000088
0.000123
0.000090
0.000098
0.000103
0.000098
0.000113
0.000095
0.000097
0.000089
0.000092
0.000106
0.000106
0.000092
0.000104
0.000096
0.000092
0.001128
0.000090
0.000095
0.000100
0.000095
0.000103
0.000095
0.000084
0.000093
0.000084
0.000098
0.000101
0.000091
0.000089
0.000094
0.000102
0.000108
0.000099
0.000102
0.000114
0.000100
0.000095
0.000085
0.000095
0.000083
0.000099
0.000102
0.000098
0.000122
0.000108
0.000097
0.000084
0.000088
0.000082
0.000091
0.000091
0.000095
0.000094
0.000100
0.000097
0.000087
0.000086
0.000105
0.000089
0.000090
0.000081
0.000100
0.000099
0.000102
0.000099
0.000093
0.000096
0.000089
0.000102
0.000098
0.000089
0.000100
0.000097
0.000095
0.000111
0.000112
0.000103
0.000102
0.000097
0.000102
0.000090
0.000102
0.000099
0.000093
0.000108
0.000098
0.000108
0.000106
0.000090
0.000089
0.000090
0.000100
0.000100
0.000094
0.000100
0.000101
0.000092
0.000081
0.000103
0.000066
0.000106
0.000092
0.000095
0.000092
0.000096
0.000095
0.000103
0.000138
0.000092
0.000090
0.000097
0.000103
0.000092
0.000102
0.000081
0.000104
0.000089
0.000084
0.000088
0.000082
0.000096
0.000093
0.000091
0.000088
0.000100
0.000097
0.000097
0.000105
0.000098
0.000093
0.000094
0.000088
0.000091
0.000093
0.000085
0.000091
0.000097
0.000095
0.000093
0.000091
0.000087
0.000090
0.000091
0.000120
0.000095
0.000095
0.000099
0.000086
0.000097
0.000089
0.000089
0.000086
0.000134
0.000101
0.000107
0.000085
0.000898
0.000089
0.000087
0.000097
0.000090
0.000124
0.000095
0.000053
0.000090
0.000098
0.000110
0.000106
0.000099
0.000081
0.000095
0.000093
0.000089
0.000096
0.000091
0.000090
0.000098
0.000088
0.000105
0.000081
0.000099
0.000105
0.000104
0.000091
0.000078
0.000091
0.000142
0.000077
0.000095
0.000090
0.000096
0.000094
0.000101
0.000087
0.000087
0.000104
0.000100
0.000094
0.000090
0.000101
0.000105
0.000092
0.000331
0.000092
0.000108
0.000108
0.000092
0.000104
0.000094
0.000093
