0.093752
0.091155
0.091450
0.092895
0.091536
0.093435
0.095547
0.092224
0.091908
0.092356
0.092779
0.094423
0.095511
0.109843
0.118139
0.093421
0.101673
0.101553
0.094352
0.093174
0.094925
0.093592
0.099781
0.091809
0.090503
0.092068
0.090194
0.089561
0.093671
0.095514
0.107987
0.090742
0.094265
0.091666
0.094424
0.092829
0.090835
0.091735
0.094558
0.090926
0.089364
0.093384
0.089523
0.090867
0.092491
0.093659
0.092000
0.097212
0.099619
0.091250
0.092426
0.092964
0.097458
0.091104
0.095352
0.091465
0.092303
0.090397
0.095059
0.090808
0.090111
0.099460
0.091654
0.091916
0.091694
0.091577
0.091680
0.088460
0.094661
0.091779
0.090826
0.092079
0.090361
0.090478
0.094690
0.096074
0.091174
0.091073
0.092539
0.091740
0.094443
0.092641
0.092458
0.092087
0.090696
0.093087
0.091342
0.093798
0.092230
0.092910
0.091271
0.090999
0.096763
0.091753
0.109959
0.092089
0.093866
0.094218
0.093262
0.093452
0.091727
0.098528
0.091701
0.094085
0.089818
0.090051
0.098407
0.093423
0.092662
0.091092
0.091114
0.092588
0.091356
0.091599
0.090614
0.091722
0.092991
0.091051
0.091264
0.091728
0.098644
0.092786
0.092923
0.091660
0.095548
0.092674
0.109499
0.090328
0.105297
0.089827
0.090211
0.091157
0.090330
0.092121
0.092026
0.091187
0.091066
0.089850
0.091958
0.089748
0.090703
0.089899
0.090127
0.090341
0.088862
0.091939
0.090691
0.090672
0.091672
0.100711
0.100419
0.092182
0.092903
0.093140
0.091623
0.091425
0.092124
0.091732
0.094606
0.110259
0.089621
0.090915
0.101970
0.091293
0.094008
0.090052
0.094355
0.090606
0.089760
0.098940
0.093626
0.092187
0.092779
0.091740
0.092569
0.093592
0.091911
0.090076
0.092326
0.092467
0.094196
0.091299
0.094984
0.094310
0.091606
0.095452
0.092984
0.091050
0.091271
0.091401
0.092635
0.089360
0.091711
0.094122
0.091457
0.090507
0.090944
0.090195
0.093972
0.091251
0.092285
0.090268
0.095908
0.096937
0.090877
0.090873
0.093235
0.091423
0.092478
0.092493
0.093083
0.093433
0.091904
0.092625
0.089951
0.104556
0.091223
0.097404
0.089901
0.090051
0.092134
0.091817
0.090903
0.090317
0.089636
0.100714
0.097892
0.094497
0.091329
0.091663
0.094400
0.094436
0.090306
0.092026
0.091282
0.103301
0.089730
0.091569
0.094792
0.089728
0.091515
0.092443
0.092620
0.091184
0.091473
0.100267
0.092117
0.092865
0.090848
0.092901
0.092058
0.090669
0.090997
0.092200
0.091140
0.091785
0.091738
0.091046
0.089892
0.089820
0.090811
0.090370
0.096265
0.089852
0.094981
0.090423
0.090908
0.095580
0.092170
0.091422
0.091600
0.094486
0.090786
0.093185
0.090750
0.092377
0.092888
0.090452
0.090992
0.089762
0.090103
0.091087
0.090157
0.090633
0.088574
0.090009
0.097962
0.096538
0.099221
0.089779
0.090444
0.094888
0.105876
0.098063
0.091888
0.091538
0.095940
0.090628
0.099817
0.090778
0.091381
0.093595
0.092527
0.090210
0.089415
0.092680
0.093477
0.091629
0.102112
0.091925
0.094706
0.091743
0.090257
0.091751
0.090596
0.091503
0.099219
0.092552
0.093241
0.091257
0.093568
0.093392
0.092081
0.090196
0.091732
0.094216
0.095155
0.091899
0.090797
0.092365
0.093143
0.093123
0.094979
0.094161
0.090186
0.090626
0.090292
0.092394
0.089800
0.089714
0.090290
0.091251
0.115249
0.090654
0.091975
0.095315
0.090718
0.098785
0.089315
0.091707
0.090603
0.089773
0.090925
0.090986
0.093532
0.091366
0.091891
0.096011
0.104725
0.092496
0.093797
0.099371
0.090027
0.092360
0.090991
0.092624
0.090100
0.091279
0.091573
0.091376
0.091118
0.091976
0.090043
0.090530
0.092661
0.092518
0.091237
0.091493
0.091128
0.092266
0.092792
0.089633
0.089954
0.091722
0.092663
0.091869
0.089618
0.090023
0.090936
0.090988
0.093510
0.093779
0.091553
0.094993
0.090888
0.090943
0.091270
0.092408
0.097050
0.090436
0.099141
0.092142
0.092049
0.093201
0.090140
0.089798
0.093528
0.090232
0.090934
0.099007
0.095588
0.092270
0.092885
0.090099
0.091625
0.091364
0.091724
0.093489
0.093453
0.092644
0.092306
0.092430
0.110934
0.106280
0.094632
0.091236
0.107270
0.091895
0.091694
0.089891
0.090602
0.090891
0.105451
0.090867
0.090354
0.091326
0.091409
0.090964
0.091835
0.093065
0.091921
0.093263
0.091429
0.092327
0.089931
0.090805
0.089554
0.091494
0.091184
0.092406
0.090184
0.093684
0.091649
0.092091
0.091605
0.090171
0.091017
0.091175
0.091075
0.092100
0.087988
0.093713
0.096263
0.090121
0.091615
0.092921
0.092528
0.090279
0.091054
0.090251
0.094622
0.091709
0.091261
0.091056
0.090758
0.099946
0.091568
0.090269
0.091591
0.093580
0.098334
0.101710
0.090357
0.091408
0.090678
0.091672
0.092888
0.096100
0.103061
0.092872
0.091741
0.095700
0.092112
0.094892
0.097805
0.091351
0.091281
0.090968
0.088498
0.092155
0.090553
0.096418
0.102150
0.091932
0.095795
0.090827
0.094326
0.094795
0.090703
0.097214
0.089797
0.091432
0.090632
0.091378
0.093299
0.091748
0.101351
0.092810
0.089661
0.092802
0.090055
0.090339
0.098797
0.091562
0.089663
0.091451
0.089240
0.089181
0.090186
0.090923
0.090135
0.088999
0.090900
0.091844
0.093734
0.089642
0.090922
0.091394
0.090677
0.098367
0.090538
0.091508
0.090765
0.105355
0.093052
0.090864
0.090353
0.091123
0.093739
0.092047
0.090848
0.090921
0.109350
0.100591
0.092385
0.090890
0.099131
0.089513
0.092372
0.090638
0.090120
0.092157
0.090043
0.090265
0.091256
0.092246
0.090330
0.091182
0.094058
0.094930
0.093728
0.090936
0.096861
0.091228
0.089778
0.091023
0.089613
0.090192
0.090866
0.091962
0.090248
0.092542
0.089778
0.092005
0.091798
0.092851
0.103336
0.100811
0.096270
0.091196
0.095142
0.089949
0.100744
0.091472
0.090390
0.090993
0.090922
0.096363
0.091578
0.090952
0.090973
0.090219
0.101661
0.092812
0.092354
0.095610
0.090356
0.092315
0.091023
0.091894
0.091871
0.090189
0.091455
0.096398
0.090662
0.092026
0.093005
0.093617
0.093994
0.091649
0.099557
0.103188
0.094612
0.090134
0.090753
0.095868
0.092154
0.096255
0.098587
0.089425
0.091113
0.092333
0.092084
0.090434
0.090438
0.090308
0.090240
0.090059
0.090553
0.090639
0.091127
0.094775
0.091344
0.092701
0.089735
0.095119
0.091681
0.091401
0.091569
0.092233
0.091995
0.094203
0.090159
0.091958
0.090380
0.090614
0.090339
0.091916
0.093685
0.091366
0.092890
0.091609
0.090959
0.093578
0.090162
0.090159
0.095794
0.091266
0.091306
0.092667
0.099655
0.091714
0.091745
0.090219
0.092010
0.091153
0.103576
0.090012
0.094876
0.089481
0.092646
0.098411
0.094618
0.092542
0.092319
0.089836
0.092996
0.093890
0.107185
0.092370
0.090038
0.091575
0.090936
0.090844
0.090565
0.092812
0.091366
0.091618
0.090090
0.095430
0.094854
0.094213
0.091703
0.100723
0.091988
0.093006
0.091418
0.091346
0.091515
0.092165
0.090594
0.091877
0.090275
0.094902
0.091080
0.092662
0.093220
0.090462
0.093808
0.090168
0.091449
0.090711
0.090652
0.100070
0.091431
0.089367
0.089689
0.090300
0.102178
0.101922
0.092416
0.092380
0.090491
0.092287
0.089413
0.099529
0.091433
0.090714
0.093314
0.105956
0.088917
0.089143
0.090317
0.089312
0.097455
0.089738
0.089737
0.102622
0.091719
0.097292
0.094645
0.094450
0.092568
0.090205
0.092795
0.089869
0.089329
0.089835
0.090841
0.089754
0.089792
0.090811
0.092168
0.090847
0.091683
0.090108
0.093647
0.094836
0.094201
0.092766
0.092567
0.093371
0.089528
0.089597
0.091122
0.089904
0.090758
0.090616
0.089496
0.087914
0.088884
0.091036
0.092545
0.091094
0.090924
0.090246
0.093549
0.091287
0.089989
0.091125
0.090768
0.090650
0.090539
0.091614
0.090431
0.090875
0.093842
0.089618
0.093668
0.091880
0.101034
0.092479
0.089384
0.090611
0.090878
0.088739
0.091558
0.090041
0.096211
0.089455
0.089446
0.091717
0.092258
0.095465
0.091150
0.091065
0.091912
0.089420
0.090123
0.089350
0.090185
0.091379
0.090650
0.090997
0.097095
0.110572
0.089842
0.090531
0.089260
0.089490
0.100966
0.091152
0.090597
0.091847
0.089955
0.102422
0.091453
0.090199
0.091880
0.088301
0.094357
0.089964
0.089119
0.090572
0.099443
0.091122
0.092866
0.090100
0.090288
0.089704
0.089668
0.090845
0.090431
0.089179
0.090875
0.092509
0.088720
0.088238
0.088780
0.092118
0.102701
0.091070
0.089059
0.094285
0.091312
0.096432
0.090626
0.089114
0.099394
0.090141
0.089377
0.093344
0.090295
0.093505
0.091658
0.091964
0.091496
0.092679
0.091550
0.090832
0.093488
0.100814
0.092440
0.090447
0.092915
0.091739
0.091420
0.090930
0.090041
0.091077
0.091729
0.092203
0.089562
0.092610
0.090166
0.090547
0.092498
0.091628
0.090394
0.094526
0.091679
0.089339
0.091949
0.092074
0.090173
0.090606
0.092374
0.111230
0.089491
0.089278
0.093526
0.089947
0.090628
0.090737
0.091460
0.092465
0.090129
0.092071
0.090991
0.091504
0.097474
0.089591
0.089555
0.091090
0.091004
0.090955
0.089741
0.090395
0.094551
0.091343
0.091397
0.090844
0.090141
0.090735
0.089461
0.088924
0.089959
0.095118
0.091514
0.088959
0.090853
0.090698
0.098885
0.091436
0.096967
0.089577
0.093852
0.093477
0.089514
0.090180
0.088930
0.098266
0.092842
0.090985
0.091177
0.090187
0.090974
0.094246
0.091851
0.090801
0.091075
0.090006
0.091155
0.089003
0.088736
0.088846
0.092627
0.091585
0.092199
0.091128
0.092032
0.092210
0.089647
0.089456
0.088412
0.089558
0.091979
0.089529
0.093269
0.090765
0.090568
0.092038
0.091039
0.093836
0.091406
0.089579
0.092069
0.089995
0.089597
0.090756
0.090952
0.093494
0.090089
0.089382
0.088921
0.096856
0.090752
0.090561
0.093478
0.090282
