0.013486
0.013265
0.013139
0.013185
0.013265
0.013475
0.013278
0.013220
0.012948
0.014659
0.013501
0.013346
0.014109
0.013598
0.013083
0.013912
0.013253
0.013102
0.013622
0.013084
0.013239
0.013374
0.013171
0.013077
0.013402
0.014354
0.014225
0.013427
0.013150
0.013553
0.014058
0.013210
0.013206
0.017810
0.013268
0.013281
0.013524
0.013409
0.012993
0.013300
0.013061
0.013292
0.013723
0.013316
0.013302
0.013258
0.013615
0.013410
0.013029
0.013500
0.013245
0.013542
0.015238
0.013104
0.013352
0.013541
0.013780
0.013103
0.013008
0.013226
0.013285
0.012991
0.013349
0.013017
0.013291
0.013821
0.013341
0.015687
0.013546
0.015139
0.013311
0.013892
0.013252
0.013982
0.013570
0.013348
0.013231
0.013386
0.013225
0.012999
0.013320
0.013280
0.013402
0.013187
0.013021
0.014196
0.013937
0.013099
0.013283
0.015015
0.013509
0.013093
0.013356
0.013929
0.013169
0.013533
0.013502
0.014203
0.013855
0.013393
0.013380
0.014047
0.013761
0.013180
0.013117
0.013185
0.014608
0.014123
0.013437
0.014136
0.013216
0.013300
0.013188
0.013428
0.013759
0.013342
0.013053
0.013865
0.013474
0.013094
0.014602
0.013337
0.021990
0.013232
0.013353
0.013042
0.013639
0.013297
0.014027
0.013509
0.013472
0.013041
0.013524
0.013560
0.013042
0.013343
0.012785
0.013512
0.013020
0.013244
0.013779
0.013332
0.013273
0.013463
0.014510
0.013085
0.013419
0.013490
0.013771
0.013859
0.013338
0.013152
0.013475
0.013074
0.013742
0.012977
0.013047
0.013500
0.013270
0.013601
0.013640
0.014107
0.013779
0.013021
0.013794
0.013620
0.014344
0.013434
0.013462
0.013266
0.013053
0.013377
0.013587
0.013122
0.013420
0.013543
0.013449
0.013652
0.013277
0.013305
0.013670
0.013144
0.013262
0.013172
0.014639
0.013135
0.013455
0.013490
0.013157
0.013265
0.013323
0.013767
0.013469
0.013510
0.013602
0.013031
0.013226
0.013662
0.013751
0.013365
0.013247
0.013215
0.013549
0.013803
0.013504
0.013320
0.013295
0.013678
0.013284
0.013095
0.013499
0.013587
0.013585
0.013154
0.013953
0.013612
0.014248
0.013653
0.013220
0.013993
0.013051
0.013159
0.013032
0.013457
0.013415
0.013400
0.013086
0.013666
0.014839
0.014004
0.013237
0.014131
0.013758
0.012972
0.013253
0.013198
0.013282
0.013103
0.013428
0.012995
0.014045
0.013229
0.012991
0.014526
0.013379
0.013935
0.013101
0.013622
0.013468
0.013407
0.013723
0.014565
0.013435
0.013421
0.013143
0.013689
0.013223
0.013549
0.013543
0.013150
0.013212
0.013848
0.013724
0.013284
0.013561
0.013322
0.013292
0.013899
0.013163
0.013565
0.014676
0.014739
0.013681
0.015464
0.013195
0.013334
0.012860
0.013258
0.013314
0.013043
0.013310
0.013345
0.013705
0.013503
0.013664
0.013130
0.013286
0.013266
0.014206
0.013188
0.013332
0.013246
0.013017
0.013817
0.013728
0.013131
0.013623
0.013273
0.013448
0.013098
0.013138
0.012991
0.013571
0.013270
0.013148
0.013797
0.013823
0.013388
0.013305
0.013029
0.015121
0.013109
0.013340
0.013202
0.013489
0.013877
0.013302
0.013532
0.013093
0.013673
0.013360
0.013585
0.013001
0.013150
0.013512
0.013427
0.013378
0.014137
0.013917
0.014104
0.013109
0.013277
0.013570
0.013597
0.013483
0.013188
0.013205
0.013463
0.013672
0.013631
0.013260
0.013447
0.013492
0.013327
0.013412
0.013451
0.013760
0.013182
0.013460
0.014287
0.013510
0.013895
0.013292
0.012929
0.013155
0.013552
0.013502
0.013331
0.013176
0.012841
0.013556
0.014343
0.013644
0.013574
0.013374
0.013198
0.014062
0.013004
0.013288
0.013141
0.013154
0.013099
0.013503
0.013487
0.013525
0.013247
0.013431
0.013113
0.013262
0.013451
0.013455
0.012870
0.013727
0.013273
0.013836
0.014091
0.013748
0.013187
0.013031
0.014829
0.013125
0.013726
0.013972
0.013154
0.013138
0.013592
0.013348
0.014094
0.013525
0.013315
0.013133
0.013168
0.013085
0.013197
0.013343
0.013157
0.013023
0.013339
0.014386
0.015555
0.017505
0.013664
0.013085
0.013403
0.013550
0.012989
0.013158
0.013126
0.013488
0.013703
0.013148
0.013455
0.013830
0.013628
0.013258
0.013512
0.014335
0.013625
0.013412
0.013224
0.013060
0.012974
0.013245
0.013434
0.013980
0.013870
0.013352
0.012977
0.013393
0.014094
0.013306
0.013562
0.013033
0.013649
0.014083
0.013192
0.013081
0.013268
0.013387
0.013347
0.012852
0.013210
0.013183
0.013640
0.013365
0.015098
0.013498
0.013413
0.013435
0.014057
0.013438
0.013139
0.013648
0.013485
0.013294
0.013287
0.013103
0.013258
0.013145
0.012952
0.012922
0.013091
0.013104
0.013055
0.013351
0.013202
0.012834
0.013643
0.013801
0.013690
0.016666
0.013429
0.013505
0.014028
0.013079
0.013121
0.012922
0.013786
0.016355
0.014091
0.013858
0.013520
0.013800
0.013309
0.013752
0.013611
0.013309
0.013271
0.013353
0.012894
0.013510
0.013414
0.013416
0.013260
0.013258
0.013087
0.013137
0.013781
0.014019
0.013367
0.013480
0.013603
0.013367
0.013132
0.013463
0.013383
0.015617
0.013663
0.013204
0.014641
0.013447
0.013479
0.013420
0.013238
0.013132
0.013236
0.014176
0.013977
0.013349
0.013312
0.013062
0.013387
0.013141
0.013154
0.013093
0.013115
0.013057
0.013267
0.013292
0.013375
0.013449
0.013401
0.013256
0.013106
0.014431
0.012856
0.013192
0.014174
0.013134
0.013326
0.012952
0.013134
0.013267
0.014008
0.013637
0.013907
0.014653
0.013337
0.013375
0.018192
0.013784
0.014268
0.013163
0.013139
0.013080
0.013196
0.013077
0.012893
0.013051
0.013399
0.012834
0.015820
0.013515
0.013418
0.013631
0.013486
0.013691
0.014198
0.013891
0.013246
0.013210
0.013306
0.013060
0.013068
0.013406
0.015498
0.013896
0.014501
0.014047
0.013412
0.013981
0.013497
0.013843
0.013221
0.014591
0.013108
0.013381
0.013182
0.013448
0.013346
0.013416
0.013365
0.013343
0.013148
0.014555
0.017455
0.013090
0.014586
0.013136
0.014809
0.013208
0.013159
0.018613
0.013477
0.013699
0.013300
0.013311
0.013575
0.022982
0.013582
0.013056
0.014828
0.013795
0.014134
0.013445
0.013583
0.015110
0.013555
0.013355
0.013287
0.013076
0.013217
0.015218
0.013434
0.013493
0.013728
0.013575
0.013207
0.013468
0.013707
0.013487
0.013310
0.013189
0.013722
0.013361
0.012978
0.013207
0.013396
0.013184
0.015964
0.013585
0.013488
0.013074
0.013321
0.013567
0.013445
0.013160
0.013155
0.013460
0.013295
0.013190
0.013253
0.013410
0.013475
0.013530
0.013194
0.014690
0.013477
0.014166
0.013129
0.015154
0.013448
0.013459
0.013503
0.013493
0.013358
0.013190
0.012991
0.013183
0.013176
0.013321
0.013112
0.013610
0.013935
0.014372
0.013361
0.013446
0.013483
0.013430
0.013141
0.013398
0.014583
0.013029
0.013180
0.020601
0.013331
0.013324
0.012963
0.013204
0.013670
0.013131
0.013674
0.013164
0.013929
0.013286
0.013183
0.013565
0.013371
0.013193
0.013283
0.014318
0.013660
0.013074
0.013205
0.013781
0.014787
0.013349
0.013153
0.013652
0.013420
0.013351
0.013303
0.013703
0.013276
0.013272
0.013879
0.013082
0.013389
0.013524
0.012966
0.012996
0.013289
0.013046
0.013332
0.013311
0.013103
0.013371
0.013331
0.013694
0.014251
0.013689
0.013244
0.013270
0.013880
0.013053
0.013167
0.013069
0.013273
0.013351
0.013564
0.014907
0.013363
0.013913
0.013196
0.013196
0.013345
0.013237
0.013405
0.013935
0.013381
0.013253
0.013292
0.012940
0.013473
0.013527
0.013163
0.013553
0.013349
0.013393
0.017996
0.013204
0.013245
0.013010
0.013222
0.013493
0.013274
0.013011
0.013303
0.013513
0.013297
0.013197
0.012992
0.013225
0.013187
0.014055
0.012963
0.013605
0.013506
0.013745
0.013306
0.013284
0.013462
0.013390
0.013211
0.013165
0.013122
0.013300
0.013337
0.013678
0.013294
0.015203
0.014268
0.013939
0.013386
0.014806
0.013311
0.013000
0.013222
0.013094
0.013628
0.013009
0.013363
0.013031
0.013409
0.014805
0.013421
0.013679
0.014504
0.013223
0.013345
0.013463
0.012998
0.013130
0.013276
0.013201
0.013544
0.013208
0.013269
0.013441
0.013764
0.013153
0.012933
0.014910
0.013372
0.013595
0.013026
0.013459
0.013839
0.013427
0.013323
0.013202
0.013775
0.013362
0.013149
0.013454
0.013164
0.013861
0.013570
0.013537
0.013369
0.013518
0.014174
0.013859
0.013255
0.012902
0.014227
0.013118
0.013595
0.013040
0.013098
0.013394
0.013285
0.013458
0.013857
0.013185
0.013101
0.013955
0.013190
0.013364
0.013487
0.013043
0.013487
0.013272
0.013232
0.012983
0.013624
0.013617
0.013212
0.013073
0.013384
0.013253
0.013033
0.013937
0.016110
0.014612
0.014299
0.013965
0.013381
0.013019
0.013983
0.013088
0.013968
0.015124
0.013454
0.013551
0.013395
0.013426
0.012975
0.013279
0.013113
0.013305
0.013478
0.013060
0.013164
0.016168
0.013392
0.013475
0.014347
0.012963
0.013444
0.013279
0.013516
0.013939
0.013439
0.013320
0.013278
0.013093
0.013443
0.013381
0.013346
0.013225
0.014024
0.013677
0.013452
0.013329
0.013296
0.013627
0.013706
0.013297
0.013542
0.013891
0.013151
0.013629
0.013669
0.013494
0.013254
0.013287
0.013858
0.013135
0.014881
0.013388
0.013412
0.013312
0.013311
0.013502
0.013585
0.013999
0.013290
0.013314
0.013352
0.013134
0.013308
0.013724
0.014044
0.013196
0.013323
0.013216
0.013567
0.013170
0.013062
0.013685
0.013210
0.013772
0.013235
0.013032
0.013994
0.013339
0.013501
0.013164
0.013043
0.013533
0.013308
0.013315
0.013166
0.013666
0.013306
0.013330
0.013080
0.013037
0.015947
0.013334
0.013041
0.013267
0.013379
0.013477
0.013394
0.012970
0.013347
0.013047
0.013124
0.013521
0.013408
0.013568
0.013076
0.012967
0.013536
0.014066
0.014616
0.013043
0.013795
