0.092694
0.088503
0.087761
0.088308
0.093796
0.088630
0.087690
0.088515
0.092011
0.087311
0.093567
0.089649
0.095635
0.089618
0.090830
0.089490
0.088996
0.090845
0.091321
0.091279
0.096562
0.091870
0.093515
0.087177
0.095541
0.090391
0.091584
0.089183
0.088517
0.087680
0.096684
0.091210
0.092843
0.095772
0.088880
0.095979
0.088691
0.087985
0.094455
0.087678
0.086685
0.094059
0.087348
0.086766
0.094222
0.093600
0.088056
0.088961
0.087528
0.087035
0.091197
0.094311
0.094482
0.093307
0.090311
0.099938
0.090303
0.087779
0.093174
0.094561
0.089013
0.093713
0.086394
0.088308
0.090362
0.098609
0.101197
0.091079
0.088172
0.097662
0.089866
0.098718
0.086761
0.087542
0.097354
0.091556
0.089197
0.094534
0.089619
0.102328
0.091348
0.089793
0.087560
0.088473
0.090766
0.090101
0.097975
0.093908
0.095038
0.093226
0.091839
0.088743
0.087866
0.096586
0.088145
0.090953
0.101088
0.098924
0.089024
0.088716
0.093048
0.087792
0.096828
0.094024
0.089937
0.089229
0.106143
0.095311
0.089046
0.088301
0.088112
0.087451
0.090528
0.087686
0.095051
0.089053
0.092434
0.089751
0.089596
0.092814
0.089022
0.090876
0.089271
0.089094
0.088970
0.090364
0.099434
0.092813
0.094429
0.089832
0.092376
0.090454
0.091406
0.098223
0.094964
0.087804
0.090700
0.091582
0.091844
0.088015
0.095937
0.086974
0.086436
0.090135
0.086900
0.098627
0.088406
0.087681
0.091307
0.103535
0.087715
0.092650
0.088010
0.093829
0.087732
0.088965
0.089412
0.088990
0.090680
0.095041
0.089808
0.096041
0.093486
0.102678
0.106030
0.093685
0.089163
0.091828
0.096582
0.093927
0.099080
0.088308
0.089478
0.090594
0.091687
0.097587
0.100397
0.089684
0.090827
0.092591
0.096932
0.087493
0.087851
0.098565
0.091483
0.093161
0.088194
0.089396
0.093779
0.094609
0.103376
0.090324
0.088520
0.089716
0.090601
0.087195
0.095469
0.092689
0.094641
0.089375
0.087303
0.087856
0.092512
0.089173
0.088043
0.094601
0.090099
0.088836
0.088623
0.098554
0.090702
0.087833
0.087671
0.100471
0.090565
0.100327
0.092808
0.091646
0.091637
0.089129
0.088062
0.087700
0.088048
0.093621
0.088485
0.089231
0.093039
0.090523
0.089393
0.088867
0.098962
0.098753
0.086793
0.100057
0.093903
0.100579
0.087444
0.087607
0.089893
0.090268
0.090270
0.096246
0.088510
0.089351
0.090064
0.099927
0.089624
0.087895
0.095295
0.088403
0.089483
0.089587
0.089440
0.091260
0.087727
0.089525
0.087437
0.087200
0.088959
0.089414
0.087240
0.090126
0.090468
0.088994
0.092932
0.090181
0.090435
0.089133
0.090179
0.091259
0.090105
0.096038
0.087813
0.089186
0.097148
0.099475
0.093307
0.094412
0.088877
0.086544
0.086827
0.088256
0.088978
0.088117
0.090249
0.087970
0.089767
0.096729
0.093068
0.087349
0.087747
0.087867
0.098554
0.087815
0.089822
0.092109
0.113115
0.090477
0.100590
0.087420
0.092193
0.094174
0.090532
0.088702
0.087654
0.099670
0.088734
0.088856
0.090904
0.094412
0.087526
0.090766
0.096695
0.094746
0.089617
0.090322
0.089162
0.100826
0.094659
0.086312
0.088618
0.089726
0.097332
0.089324
0.093066
0.088335
0.093798
0.107662
0.090231
0.088849
0.086455
0.086275
0.088495
0.089324
0.098598
0.093033
0.087419
0.090945
0.089616
0.093212
0.089127
0.093212
0.094370
0.093464
0.089781
0.096403
0.091679
0.089103
0.087846
0.098126
0.088747
0.092572
0.090048
0.089274
0.097115
0.089124
0.089438
0.096668
0.091413
0.096123
0.089438
0.093801
0.088787
0.088258
0.090252
0.093487
0.088802
0.088587
0.096617
0.090581
0.088223
0.090381
0.087162
0.088762
0.092232
0.100869
0.089020
0.088249
0.091085
0.089433
0.089926
0.089054
0.088139
0.089360
0.089325
0.090383
0.096111
0.088476
0.090629
0.088704
0.089546
0.101246
0.095644
0.086305
0.091823
0.088289
0.091091
0.090733
0.090128
0.089314
0.091017
0.087772
0.098525
0.088535
0.088877
0.091868
0.089505
0.094317
0.088662
0.097359
0.106065
0.087403
0.093555
0.097056
0.093050
0.086980
0.085458
0.087560
0.098501
0.093597
0.087180
0.094521
0.093942
0.093203
0.094506
0.091281
0.098847
0.096882
0.090932
0.088304
0.086897
0.088205
0.087260
0.088974
0.089254
0.089391
0.089283
0.096087
0.089497
0.087754
0.088254
0.087418
0.089526
0.090591
0.095542
0.101372
0.089786
0.089710
0.092281
0.086869
0.088322
0.087921
0.088748
0.096262
0.091303
0.098060
0.098690
0.091453
0.092268
0.089421
0.088482
0.090741
0.092166
0.094011
0.091087
0.101887
0.091066
0.088386
0.088429
0.090414
0.092233
0.088543
0.095447
0.090879
0.091303
0.089900
0.094494
0.091107
0.088204
0.103511
0.097729
0.090473
0.089997
0.102159
0.086672
0.088348
0.091144
0.090048
0.107594
0.099601
0.094954
0.091401
0.089280
0.087362
0.089390
0.091678
0.090280
0.089772
0.089616
0.098004
0.090605
0.090517
0.088566
0.098106
0.090266
0.086925
0.096498
0.093917
0.089601
0.090461
0.089855
0.090090
0.087623
0.099217
0.097239
0.095869
0.093140
0.086408
0.094111
0.096510
0.095389
0.090156
0.093055
0.090490
0.086501
0.096812
0.087648
0.092717
0.088086
0.090378
0.096245
0.089824
0.090451
0.088902
0.087615
0.096937
0.089759
0.091207
0.087935
0.089760
0.090370
0.097660
0.088238
0.089905
0.093499
0.102161
0.088640
0.087683
0.106833
0.090246
0.086878
0.098048
0.096562
0.099246
0.107544
0.094035
0.090252
0.088431
0.093471
0.088733
0.091026
0.089756
0.090873
0.090001
0.091699
0.104013
0.089604
0.090944
0.092321
0.097259
0.087522
0.097477
0.089475
0.092610
0.088822
0.088696
0.087956
0.089895
0.090689
0.094247
0.090376
0.090862
0.092732
0.089883
0.089164
0.088005
0.087828
0.096110
0.099393
0.089614
0.088326
0.092403
0.089100
0.092109
0.089173
0.087850
0.094624
0.090157
0.092623
0.095098
0.089614
0.088702
0.087921
0.090709
0.091271
0.101729
0.087945
0.090414
0.092872
0.091023
0.096835
0.088980
0.090930
0.090469
0.096221
0.090613
0.094199
0.089845
0.097501
0.091572
0.092051
0.088658
0.087728
0.092950
0.089162
0.094348
0.088719
0.094506
0.088510
0.089088
0.087175
0.087264
0.089650
0.090082
0.097907
0.098075
0.110725
0.090938
0.090140
0.098769
0.088368
0.094343
0.093905
0.092249
0.092066
0.096306
0.089232
0.096724
0.088224
0.093108
0.088776
0.093641
0.087004
0.088396
0.089866
0.090169
0.098109
0.088608
0.088885
0.087915
0.087252
0.099569
0.088701
0.094037
0.089833
0.089604
0.088544
0.103254
0.088995
0.089616
0.092277
0.091994
0.088623
0.087827
0.092244
0.088357
0.087486
0.088730
0.090917
0.088185
0.096705
0.087570
0.088295
0.097075
0.091693
0.092064
0.088045
0.089902
0.097209
0.087991
0.093737
0.090761
0.088593
0.089827
0.085698
0.091184
0.089637
0.091624
0.089462
0.098635
0.088581
0.089450
0.088436
0.086921
0.091297
0.097651
0.100487
0.088617
0.089682
0.092223
0.087693
0.101107
0.089016
0.094962
0.091102
0.099730
0.095322
0.088557
0.090397
0.093162
0.090797
0.088759
0.086899
0.091448
0.089707
0.090141
0.088965
0.087449
0.089155
0.099584
0.096178
0.091199
0.090772
0.097267
0.087251
0.092075
0.089505
0.091304
0.095519
0.086786
0.087415
0.095042
0.101782
0.097846
0.089162
0.089557
0.093699
0.089082
0.088772
0.090849
0.094329
0.093038
0.090719
0.087447
0.095391
0.088834
0.103277
0.087628
0.088569
0.090757
0.088367
0.090244
0.093739
0.087588
0.087794
0.088987
0.097499
0.098045
0.098349
0.091299
0.091801
0.088447
0.088589
0.087796
0.097622
0.092346
0.086148
0.090176
0.090170
0.089164
0.088201
0.089061
0.089218
0.089101
0.089544
0.089026
0.089718
0.089799
0.096831
0.099210
0.089678
0.087151
0.096577
0.092105
0.091620
0.087706
0.087556
0.093696
0.089618
0.101648
0.087227
0.090268
0.092600
0.090866
0.091008
0.086513
0.087115
0.087034
0.090265
0.091496
0.085704
0.092609
0.088055
0.089824
0.088387
0.092222
0.096129
0.090318
0.089171
0.089855
0.089494
0.090518
0.087775
0.087373
0.091618
0.095818
0.090819
0.091207
0.088200
0.089332
0.089985
0.090464
0.090138
0.087127
0.088910
0.087758
0.092289
0.091335
0.089268
0.098382
0.094778
0.100531
0.088191
0.101484
0.087326
0.095998
0.095263
0.089770
0.094055
0.088254
0.091653
0.096615
0.092440
0.090927
0.094329
0.096685
0.090874
0.093813
0.090744
0.088239
0.092827
0.089811
0.092353
0.094937
0.093548
0.090283
0.093710
0.087983
0.087251
0.087078
0.088247
0.091658
0.089057
0.088139
0.094331
0.089399
0.088997
0.089627
0.087584
0.088901
0.092355
0.090438
0.090925
0.102309
0.090130
0.088757
0.087464
0.087021
0.086198
0.089655
0.093358
0.088247
0.091061
0.093209
0.087417
0.088946
0.088297
0.090794
0.089494
0.089218
0.106537
0.089851
0.089426
0.099824
0.088971
0.097704
0.091713
0.089560
0.087124
0.088404
0.094883
0.087058
0.090140
0.090757
0.091668
0.088408
0.088172
0.088375
0.091184
0.087894
0.088418
0.087803
0.087189
0.089100
0.094318
0.087937
0.091924
0.087859
0.089114
0.100123
0.093940
0.089553
0.092476
0.101055
0.090958
0.086998
0.086021
0.087006
0.093110
0.087956
0.089851
0.088748
0.088400
0.094481
0.097785
0.092192
0.104876
0.094386
0.094539
0.089489
0.087187
0.088581
0.088396
0.091790
0.106771
0.090210
0.094999
0.091413
0.092818
0.090679
0.089792
0.088305
0.088949
0.091596
0.088380
0.089289
0.094959
0.086991
0.092167
0.087959
0.093165
0.100364
0.088711
0.087384
0.095493
0.088580
0.091552
0.090390
0.089827
0.090388
0.099678
0.090096
0.088388
0.087534
0.100523
0.087651
0.097439
0.089338
0.086237
0.088977
0.092668
0.095519
0.089046
0.086422
0.095196
0.110894
0.100415
0.087423
0.086324
0.099197
