0.195310
0.188638
0.188136
0.190357
0.194717
0.191329
0.192103
0.189680
0.193514
0.188949
0.196181
0.197031
0.200135
0.213272
0.217880
0.192077
0.201247
0.201201
0.194431
0.193671
0.200058
0.194243
0.202040
0.188204
0.194999
0.191281
0.190586
0.187438
0.191089
0.191977
0.213367
0.191259
0.195891
0.196404
0.192050
0.197592
0.188303
0.188650
0.198662
0.187472
0.185158
0.196797
0.185945
0.186258
0.196010
0.196229
0.188959
0.194973
0.195890
0.187009
0.192997
0.196536
0.200651
0.193368
0.194285
0.200449
0.191487
0.186753
0.197184
0.194094
0.187900
0.202071
0.186938
0.188871
0.190680
0.199588
0.201470
0.188324
0.191467
0.198276
0.189497
0.199384
0.185764
0.191647
0.201199
0.196588
0.189325
0.194419
0.191637
0.203222
0.195212
0.191305
0.188527
0.189155
0.190084
0.192073
0.206252
0.196510
0.196205
0.195167
0.192213
0.189187
0.193432
0.197601
0.206794
0.192290
0.203734
0.202409
0.191160
0.190823
0.193392
0.195092
0.197553
0.197073
0.188524
0.188248
0.215829
0.198617
0.191121
0.188582
0.188310
0.188801
0.190513
0.187811
0.194720
0.189484
0.193992
0.189688
0.189657
0.193191
0.196664
0.192530
0.191399
0.200103
0.193494
0.191910
0.218795
0.191981
0.208721
0.188428
0.191230
0.190741
0.190518
0.199393
0.195999
0.187776
0.190783
0.190691
0.192595
0.186333
0.195911
0.185587
0.185305
0.189287
0.184334
0.199604
0.188328
0.187091
0.192336
0.214267
0.196797
0.194107
0.189573
0.196116
0.188260
0.189252
0.190406
0.189553
0.194352
0.214173
0.188125
0.196114
0.205573
0.203073
0.208713
0.192766
0.192637
0.191185
0.195392
0.201628
0.201950
0.188997
0.191325
0.191131
0.193290
0.200094
0.201336
0.188652
0.191957
0.194139
0.200659
0.187415
0.191592
0.202143
0.193062
0.197639
0.190512
0.189069
0.193854
0.195244
0.205424
0.188662
0.188991
0.196423
0.190746
0.186637
0.195790
0.191648
0.198148
0.189287
0.189175
0.186720
0.197401
0.195857
0.187636
0.194262
0.192426
0.188809
0.190270
0.200040
0.192970
0.190507
0.188139
0.202043
0.189529
0.213469
0.192803
0.198649
0.190319
0.188186
0.189143
0.188666
0.187597
0.192716
0.186960
0.198616
0.201211
0.193860
0.190019
0.189091
0.202440
0.202008
0.185877
0.201334
0.194119
0.213029
0.186542
0.187923
0.193632
0.189042
0.190597
0.197806
0.190102
0.189242
0.190418
0.208863
0.190610
0.189603
0.194853
0.192192
0.190306
0.189014
0.189467
0.192113
0.187591
0.190419
0.188187
0.187100
0.187795
0.188179
0.186873
0.189204
0.195482
0.187781
0.196632
0.189297
0.190371
0.193504
0.191173
0.191195
0.190699
0.199393
0.187312
0.191258
0.197059
0.200962
0.195057
0.193424
0.188846
0.185319
0.185539
0.188174
0.187949
0.189125
0.187783
0.186779
0.196953
0.202074
0.201554
0.185829
0.186811
0.193014
0.213417
0.197194
0.190755
0.192715
0.218162
0.190029
0.209508
0.187833
0.192429
0.196803
0.191670
0.187634
0.185515
0.201433
0.191071
0.189073
0.202643
0.195201
0.191045
0.191332
0.195734
0.195255
0.189000
0.190865
0.197514
0.202302
0.197621
0.186245
0.190860
0.191743
0.198260
0.188799
0.193616
0.191556
0.197863
0.208350
0.189728
0.190341
0.188188
0.188027
0.199286
0.192370
0.197964
0.192572
0.186602
0.192229
0.188197
0.192161
0.188017
0.193123
0.218308
0.192826
0.190550
0.200602
0.191243
0.196750
0.185619
0.198848
0.188063
0.191213
0.189760
0.189247
0.199449
0.189256
0.190048
0.201822
0.205064
0.198483
0.192109
0.202293
0.189225
0.189646
0.189917
0.195092
0.187711
0.189035
0.197139
0.190895
0.187982
0.191122
0.185879
0.187997
0.193522
0.202453
0.188892
0.188721
0.190989
0.190447
0.191813
0.187395
0.186674
0.190285
0.190841
0.190987
0.194479
0.187330
0.190499
0.188691
0.192290
0.203924
0.196631
0.190143
0.191541
0.188061
0.191113
0.192273
0.196121
0.188798
0.198916
0.189055
0.199297
0.190803
0.188005
0.190321
0.191903
0.193248
0.188415
0.206571
0.211375
0.188409
0.195243
0.196065
0.193806
0.187096
0.186389
0.189824
0.201932
0.195918
0.190362
0.195646
0.216339
0.208312
0.197954
0.191425
0.215006
0.197843
0.191924
0.187130
0.187052
0.187808
0.201404
0.189161
0.188377
0.189608
0.189465
0.195700
0.190457
0.189455
0.188839
0.189354
0.190226
0.191578
0.194325
0.200970
0.188132
0.190420
0.192256
0.188275
0.187272
0.190783
0.189761
0.197200
0.191482
0.196947
0.198422
0.191350
0.192084
0.190351
0.185128
0.193566
0.197309
0.192938
0.192136
0.203595
0.192990
0.187856
0.188119
0.189435
0.196146
0.189219
0.195524
0.190904
0.190973
0.198494
0.194842
0.190837
0.188600
0.206713
0.210046
0.201088
0.189148
0.202623
0.185991
0.188744
0.193119
0.195504
0.225369
0.201514
0.196177
0.196101
0.191513
0.190906
0.196887
0.191733
0.190693
0.189583
0.186853
0.199009
0.190160
0.195566
0.199811
0.198764
0.194886
0.186601
0.199585
0.198597
0.188915
0.196777
0.188462
0.190167
0.191419
0.199327
0.199314
0.196480
0.203400
0.187890
0.192767
0.197929
0.194629
0.189090
0.200557
0.190831
0.184997
0.197073
0.185858
0.190621
0.187002
0.190252
0.195604
0.187905
0.190302
0.189782
0.190125
0.195295
0.189440
0.191529
0.187431
0.197489
0.189850
0.198104
0.187633
0.204115
0.196023
0.201591
0.187897
0.187458
0.209752
0.191065
0.186369
0.197840
0.216662
0.209195
0.208769
0.194228
0.198866
0.186705
0.194872
0.188494
0.189889
0.190808
0.189700
0.188915
0.191583
0.205127
0.188841
0.191040
0.195138
0.201035
0.190497
0.197356
0.195363
0.192770
0.187209
0.188624
0.186918
0.188861
0.190453
0.195472
0.189717
0.192212
0.191394
0.190739
0.189809
0.189892
0.200024
0.206001
0.205392
0.189473
0.192398
0.191203
0.198988
0.192505
0.188329
0.187785
0.194137
0.195768
0.192934
0.194696
0.189406
0.187699
0.198490
0.192841
0.192516
0.206164
0.187207
0.191732
0.192831
0.191708
0.197719
0.187861
0.191539
0.196611
0.195656
0.191476
0.195986
0.192369
0.200661
0.192150
0.200331
0.200639
0.191239
0.191801
0.188807
0.199621
0.190843
0.199774
0.196070
0.187320
0.187132
0.189332
0.190622
0.189189
0.197108
0.197255
0.209918
0.189798
0.189769
0.198360
0.188668
0.198042
0.193892
0.193840
0.190521
0.200238
0.189739
0.196916
0.188956
0.194186
0.189385
0.196647
0.186476
0.189510
0.188947
0.190744
0.197627
0.189467
0.191264
0.187973
0.188807
0.200060
0.188444
0.196752
0.188909
0.188492
0.193728
0.203647
0.189749
0.191382
0.200664
0.193002
0.199520
0.186761
0.193730
0.188431
0.199857
0.187616
0.194527
0.186463
0.198241
0.194725
0.192166
0.198581
0.192878
0.190740
0.189778
0.193380
0.213463
0.189234
0.192502
0.192699
0.188492
0.189603
0.185050
0.192868
0.190269
0.192203
0.188313
0.203308
0.192089
0.192611
0.188816
0.196355
0.192102
0.199410
0.200688
0.189202
0.190252
0.194252
0.187114
0.201824
0.188250
0.198754
0.190916
0.201217
0.197404
0.187876
0.193207
0.192381
0.190860
0.188284
0.186433
0.200529
0.190487
0.188327
0.187286
0.186288
0.200282
0.210598
0.198490
0.192295
0.190066
0.198586
0.185608
0.200422
0.190014
0.190807
0.197748
0.202162
0.184934
0.192926
0.200862
0.195993
0.195181
0.188230
0.192369
0.201694
0.189897
0.197136
0.197781
0.196671
0.192102
0.186296
0.196791
0.187548
0.201392
0.186164
0.188166
0.189229
0.187303
0.190401
0.194587
0.187316
0.189137
0.187868
0.200887
0.201918
0.201563
0.193384
0.196005
0.192527
0.186924
0.186497
0.197193
0.191159
0.186805
0.189638
0.188329
0.185528
0.185943
0.188905
0.190583
0.189115
0.189247
0.188148
0.192081
0.189937
0.196432
0.199214
0.189695
0.186665
0.196235
0.192571
0.191322
0.187305
0.190119
0.192379
0.191980
0.202094
0.197186
0.191522
0.190840
0.190304
0.190869
0.186015
0.187342
0.185777
0.195498
0.189889
0.183829
0.193315
0.189424
0.194275
0.189110
0.192094
0.197002
0.188551
0.188251
0.187971
0.189447
0.190696
0.187861
0.187219
0.197730
0.216305
0.189501
0.190395
0.186187
0.187689
0.199680
0.190498
0.190096
0.187668
0.187819
0.198814
0.192585
0.190448
0.190276
0.195506
0.197983
0.199418
0.186059
0.200949
0.196155
0.195821
0.197170
0.188555
0.193354
0.193649
0.190227
0.196463
0.191521
0.189491
0.195712
0.198429
0.188651
0.190661
0.188450
0.189288
0.204104
0.189669
0.190209
0.197947
0.193496
0.195992
0.193103
0.185694
0.195316
0.186063
0.186754
0.193943
0.188176
0.190576
0.194801
0.190434
0.189305
0.191397
0.188137
0.188812
0.194464
0.201255
0.192316
0.201586
0.192155
0.189593
0.187539
0.186894
0.184698
0.189443
0.193874
0.189141
0.189372
0.194667
0.186487
0.188236
0.189444
0.191355
0.188727
0.192315
0.207160
0.188019
0.190496
0.201017
0.187984
0.197102
0.192766
0.209484
0.188097
0.186987
0.197185
0.186050
0.189373
0.190464
0.191823
0.190015
0.187120
0.189708
0.191041
0.188059
0.194713
0.186205
0.185426
0.188754
0.194380
0.187935
0.190919
0.186886
0.192528
0.200424
0.194320
0.189264
0.191312
0.200574
0.189201
0.184569
0.184390
0.190871
0.194213
0.185668
0.189702
0.188289
0.195960
0.194932
0.203799
0.190511
0.208451
0.196861
0.192875
0.190177
0.185290
0.195652
0.191995
0.191518
0.206998
0.189230
0.194728
0.194705
0.193382
0.190326
0.189503
0.187140
0.188877
0.189203
0.186507
0.187300
0.196627
0.189173
0.193350
0.188065
0.194315
0.201639
0.187184
0.185647
0.193032
0.186902
0.192442
0.188883
0.192562
0.190014
0.198985
0.191191
0.188254
0.190456
0.200861
0.186036
0.198416
0.187959
0.185118
0.188493
0.192552
0.198325
0.188323
0.184395
0.192834
0.218049
0.199863
0.187022
0.188550
0.198504
