0.000223
0.000223
0.000251
0.000248
0.000244
0.000233
0.000316
0.000237
0.000254
0.000250
0.000300
0.000273
0.000435
0.000240
0.000219
0.000236
0.000237
0.000222
0.000236
0.000232
0.000218
0.000233
0.000294
0.000346
0.000232
0.000247
0.000225
0.000224
0.000213
0.000210
0.000229
0.000236
0.000215
0.000232
0.000210
0.000231
0.000233
0.000233
0.000235
0.000225
0.000196
0.000216
0.000198
0.000225
0.000239
0.000209
0.000239
0.000210
0.000204
0.000210
0.000210
0.000210
0.000215
0.000233
0.000209
0.000237
0.000234
0.000226
0.000218
0.000207
0.000233
0.000239
0.000236
0.000206
0.000216
0.000230
0.000205
0.000227
0.000201
0.000237
0.000210
0.000225
0.000207
0.000226
0.000220
0.000221
0.000197
0.000231
0.000221
0.000226
0.000223
0.000203
0.000199
0.000203
0.000229
0.000237
0.000264
0.000217
0.000218
0.000253
0.000517
0.000200
0.000211
0.000207
0.000227
0.000236
0.000230
0.000303
0.000199
0.000210
0.000217
0.000211
0.000231
0.000233
0.000225
0.000301
0.000887
0.000239
0.000219
0.000204
0.000221
0.000235
0.000233
0.000227
0.000213
0.000232
0.000221
0.000204
0.000209
0.000225
0.000212
0.000203
0.000212
0.000237
0.000208
0.000387
0.000249
0.000218
0.000229
0.000210
0.000208
0.000238
0.000227
0.000241
0.000235
0.000214
0.000235
0.000204
0.000211
0.000202
0.000244
0.000254
0.000232
0.000205
0.000220
0.000225
0.000704
0.000229
0.000209
0.000211
0.000210
0.000213
0.000205
0.000214
0.000213
0.000198
0.000231
0.000209
0.000214
0.000236
0.000212
0.000221
0.000231
0.000243
0.000221
0.000221
0.000208
0.000273
0.000224
0.000219
0.000226
0.000233
0.000208
0.000219
0.000222
0.000209
0.000227
0.000216
0.000243
0.000247
0.000229
0.000225
0.000247
0.000395
0.000286
0.000254
0.000228
0.000209
0.000211
0.000240
0.000203
0.000196
0.000227
0.000250
0.000239
0.000203
0.000233
0.000231
0.000241
0.000223
0.000227
0.000202
0.000198
0.000221
0.000216
0.000231
0.000224
0.000203
0.000198
0.000199
0.000236
0.000206
0.000205
0.000214
0.000224
0.000211
0.000237
0.000207
0.000212
0.000199
0.000216
0.000216
0.000223
0.000226
0.000229
0.000218
0.000255
0.000209
0.000210
0.000340
0.000202
0.000239
0.000215
0.000231
0.000242
0.000235
0.000221
0.000211
0.000207
0.000203
0.000212
0.000237
0.000211
0.000213
0.000202
0.000256
0.000228
0.000207
0.000237
0.000216
0.000206
0.000217
0.000202
0.000232
0.000212
0.000199
0.000196
0.000206
0.000223
0.000203
0.000219
0.000243
0.000226
0.000247
0.000234
0.000210
0.000211
0.000210
0.000218
0.000220
0.000202
0.000236
0.000216
0.000224
0.000224
0.000208
0.000241
0.000226
0.000207
0.000229
0.000205
0.000207
0.000208
0.000211
0.000208
0.000192
0.000229
0.000182
0.000204
0.000208
0.000206
0.000241
0.000222
0.000258
0.000225
0.000333
0.000200
0.000208
0.000239
0.000212
0.000227
0.000197
0.000205
0.000229
0.000201
0.000301
0.000216
0.000201
0.000187
0.000217
0.000345
0.000241
0.000225
0.000221
0.000208
0.000202
0.000350
0.000216
0.000224
0.000214
0.000208
0.000216
0.000228
0.000207
0.000239
0.000204
0.000224
0.000219
0.000205
0.000203
0.000211
0.000236
0.000197
0.000213
0.000224
0.000245
0.000200
0.000196
0.000224
0.000195
0.000192
0.000241
0.000212
0.000210
0.000203
0.000229
0.000225
0.000226
0.000226
0.000229
0.000206
0.000204
0.000210
0.000211
0.000233
0.000207
0.000230
0.000219
0.000262
0.000220
0.000215
0.000241
0.000258
0.000224
0.000217
0.000237
0.000211
0.000197
0.000232
0.000211
0.000208
0.000220
0.000206
0.000205
0.000209
0.000211
0.000214
0.000209
0.000209
0.000232
0.000499
0.000206
0.000213
0.000236
0.000234
0.000231
0.000209
0.000205
0.000216
0.000219
0.000229
0.000216
0.000213
0.000205
0.000237
0.000223
0.000220
0.000226
0.000247
0.000230
0.000219
0.000217
0.000217
0.000214
0.000208
0.000231
0.000394
0.000240
0.000347
0.000231
0.000216
0.000233
0.000211
0.000219
0.000223
0.000208
0.000223
0.000224
0.000243
0.000238
0.000221
0.000245
0.000363
0.000344
0.000212
0.000240
0.000297
0.000217
0.000225
0.000231
0.000208
0.000215
0.000211
0.000719
0.000217
0.000268
0.000225
0.000233
0.000223
0.000220
0.000225
0.000221
0.000251
0.000241
0.000218
0.000209
0.000211
0.000226
0.000213
0.000226
0.000247
0.000384
0.000228
0.000239
0.000213
0.000234
0.000253
0.000240
0.000232
0.000239
0.000230
0.000208
0.000257
0.000206
0.000794
0.000223
0.000209
0.000203
0.000203
0.000245
0.000235
0.000213
0.000250
0.000220
0.000234
0.000214
0.000219
0.000212
0.000217
0.000239
0.000293
0.000214
0.000218
0.000239
0.000214
0.000217
0.000208
0.000220
0.000295
0.000254
0.000455
0.000278
0.000205
0.000214
0.000241
0.000216
0.000207
0.000219
0.000214
0.000217
0.000227
0.000214
0.000237
0.000218
0.000233
0.000206
0.000231
0.000219
0.000203
0.000210
0.000233
0.000203
0.000234
0.000197
0.000206
0.000239
0.000204
0.000212
0.000230
0.000228
0.000212
0.000233
0.000236
0.000219
0.000210
0.000210
0.000382
0.000361
0.000308
0.000201
0.000231
0.000219
0.000235
0.000218
0.000244
0.000225
0.000229
0.000237
0.000211
0.000842
0.000229
0.000232
0.000211
0.000252
0.000219
0.000209
0.000221
0.000210
0.000221
0.000224
0.000224
0.000242
0.000250
0.000227
0.000244
0.000204
0.000220
0.000222
0.000218
0.000221
0.000219
0.000225
0.000200
0.000229
0.000233
0.000233
0.000209
0.000206
0.000207
0.000222
0.000215
0.000235
0.000227
0.000239
0.000208
0.000225
0.000199
0.000209
0.000236
0.000292
0.000222
0.000223
0.000223
0.000239
0.000223
0.000229
0.000220
0.000211
0.000239
0.000233
0.000216
0.000217
0.000397
0.000225
0.000217
0.000220
0.000233
0.000224
0.000211
0.000235
0.000225
0.000230
0.000231
0.000223
0.000253
0.000229
0.000223
0.000233
0.000242
0.000235
0.000232
0.000223
0.000430
0.000260
0.000238
0.000233
0.000223
0.000200
0.000233
0.000226
0.000223
0.000220
0.000215
0.000243
0.000199
0.000234
0.000229
0.000225
0.000234
0.000238
0.000224
0.000230
0.000230
0.000230
0.000246
0.000227
0.000240
0.000226
0.000222
0.000210
0.000215
0.000237
0.000232
0.000208
0.000236
0.000218
0.000196
0.000231
0.000219
0.000275
0.000206
0.000230
0.000222
0.000234
0.000220
0.000218
0.000204
0.000221
0.000208
0.000212
0.000216
0.000238
0.000204
0.000217
0.000202
0.000223
0.000683
0.000235
0.000210
0.000228
0.000214
0.000228
0.000218
0.000228
0.000245
0.000419
0.000215
0.000226
0.000247
0.000205
0.000219
0.000246
0.000240
0.000275
0.000228
0.000221
0.000225
0.000227
0.000232
0.000228
0.000224
0.000245
0.000224
0.000239
0.000228
0.000222
0.000242
0.000227
0.000213
0.000485
0.000214
0.000213
0.000240
0.000216
0.000231
0.000243
0.000214
0.000233
0.000211
0.000301
0.000248
0.000308
0.000211
0.000239
0.000208
0.000236
0.000227
0.000230
0.000235
0.000233
0.000216
0.000236
0.000224
0.000232
0.000221
0.000239
0.000206
0.000240
0.000231
0.000229
0.000245
0.000227
0.000352
0.000241
0.000292
0.000225
0.000227
0.000238
0.000237
0.000230
0.000234
0.000238
0.000233
0.000245
0.000225
0.000220
0.000201
0.000320
0.000410
0.000388
0.000241
0.000258
0.000234
0.000231
0.000228
0.000201
0.000236
0.000209
0.000211
0.000224
0.000224
0.000275
0.000203
0.000224
0.000218
0.000223
0.000209
0.000485
0.000353
0.000338
0.000235
0.000230
0.000232
0.000212
0.000205
0.000224
0.000228
0.000233
0.000214
0.000203
0.000229
0.000228
0.000237
0.000218
0.000211
0.000222
0.000216
0.000217
0.000218
0.000235
0.000214
0.000208
0.000224
0.000241
0.000212
0.000223
0.000235
0.000243
0.000221
0.000210
0.000229
0.000212
0.000240
0.000325
0.000226
0.000311
0.000227
0.000210
0.000214
0.000239
0.000232
0.000214
0.000237
0.000249
0.000377
0.000228
0.000215
0.000216
0.000211
0.000216
0.000216
0.000224
0.000227
0.000231
0.000303
0.000216
0.000229
0.000217
0.000196
0.000227
0.000217
0.000245
0.000240
0.000214
0.000232
0.000232
0.000236
0.000227
0.000225
0.000212
0.000218
0.000235
0.000215
0.000238
0.000203
0.000229
0.000233
0.000211
0.000222
0.000236
0.000202
0.000239
0.000232
0.000233
0.000257
0.000303
0.000199
0.000216
0.000232
0.000219
0.000217
0.000202
0.000218
0.000237
0.000229
0.000645
0.000229
0.000211
0.000232
0.000228
0.000210
0.000247
0.000215
0.000200
0.000209
0.000211
0.000211
0.000249
0.000223
0.000219
0.000223
0.000245
0.000215
0.000225
0.000235
0.000205
0.000211
0.000206
0.000219
0.000225
0.000224
0.000230
0.000234
0.000236
0.000206
0.000228
0.000207
0.000230
0.000221
0.000207
0.000213
0.000210
0.000229
0.000208
0.000223
0.000212
0.000235
0.000241
0.000224
0.000216
0.000213
0.000211
0.000230
0.000225
0.000231
0.000437
0.000235
0.000232
0.000234
0.000226
0.000229
0.000234
0.000229
0.000217
0.000255
0.000211
0.000777
0.000229
0.000299
0.000236
0.000229
0.000243
0.000237
0.000215
0.000239
0.000203
0.000223
0.000233
0.000239
0.000229
0.000226
0.000214
0.000224
0.000231
0.000239
0.000235
0.000260
0.000215
0.000231
0.000234
0.000218
0.000236
0.000239
0.000229
0.000212
0.000239
0.000211
0.000509
0.000248
0.000199
0.000204
0.000214
0.000209
0.000215
0.000202
0.000211
0.000217
0.000197
0.000207
0.000226
0.000221
0.000221
0.000225
0.000215
0.000212
0.000228
0.000213
0.000232
0.000216
0.000208
0.000239
0.000240
0.000217
0.000255
0.000237
0.000202
0.000249
0.000221
0.000202
0.000241
0.000247
0.000325
0.000236
0.000222
0.000233
0.000259
0.000207
0.000223
0.000220
0.000249
