0.000954
0.002452
0.001892
0.002344
0.000995
0.001557
0.001046
0.001043
0.001052
0.001028
0.001043
0.001011
0.000972
0.001854
0.001047
0.001054
0.000930
0.000868
0.001214
0.002272
0.000941
0.000975
0.001182
0.001004
0.000961
0.000965
0.000949
0.000992
0.001500
0.001435
0.000964
0.000953
0.000890
0.002359
0.001763
0.001461
0.000974
0.000964
0.000978
0.001014
0.000982
0.001035
0.001021
0.001019
0.002164
0.000967
0.000973
0.001746
0.001052
0.001023
0.001258
0.000965
0.000997
0.000994
0.000941
0.001770
0.000942
0.001060
0.001177
0.001078
0.001084
0.001877
0.002493
0.001006
0.001028
0.001005
0.001042
0.000950
0.001011
0.000866
0.001102
0.001201
0.001114
0.001028
0.001185
0.002593
0.000959
0.000941
0.001778
0.001820
0.000994
0.000935
0.001464
0.000906
0.000977
0.000979
0.001016
0.001869
0.000977
0.002564
0.001472
0.000992
0.000966
0.001525
0.000957
0.003866
0.000082
0.001262
0.001071
0.001812
0.001808
