0.355459
0.364952
0.338943
0.335804
0.345476
0.353667
0.347692
0.358532
0.341439
0.352193
0.347120
0.364328
0.346481
0.363140
0.349877
0.357754
0.352947
0.342260
0.381637
0.355152
0.357135
0.350400
0.342002
0.348996
0.335821
0.351858
0.357203
0.359542
0.349055
0.347204
0.360319
0.349994
0.353919
0.348728
0.358698
0.341773
0.365663
0.345382
0.341749
0.393028
0.366694
0.350924
0.358632
0.337891
0.346655
0.357918
0.368549
0.346370
0.359107
0.353349
0.343634
0.344574
0.342419
0.355775
0.345603
0.348087
0.366332
0.350791
0.338525
0.362280
0.343333
0.339385
0.336912
0.349238
0.344164
0.343080
0.362527
0.366721
0.351856
0.339709
0.357641
0.354750
0.349566
0.354070
0.358229
0.347212
0.365762
0.365863
0.344973
0.346510
0.345147
0.337791
0.349508
0.360912
0.346290
0.344413
0.336818
0.346270
0.352701
0.352672
2.174312
0.347374
0.348429
0.384947
0.340048
0.355350
1.103051
0.428734
0.353907
0.350487
0.340074
