2.089505
1.153511
3.875777
4.206475
4.554916
2.143814
5.247627
5.490131
5.631531
2.714206
5.651338
5.630998
5.677329
4.335999
5.586559
5.652104
4.968356
5.645648
5.610395
5.432407
5.577016
5.676447
5.573386
5.601529
5.554151
5.642320
5.618248
5.607701
5.629037
5.512734
5.456478
5.377939
5.662696
5.631217
5.623700
5.642802
5.566743
5.597683
5.590535
5.697773
5.636160
5.626431
3.179595
5.456320
5.640825
5.093824
5.608941
5.651912
4.855377
5.634651
5.664131
5.364260
5.648738
5.581787
5.543040
5.697438
5.630502
5.621200
3.016090
5.557792
5.617038
5.654883
3.625207
5.594124
5.523135
5.593873
4.144977
5.611165
5.632651
5.644170
2.704986
5.584172
5.604791
5.662116
4.422387
5.646470
5.594449
4.718897
5.617777
5.603219
5.396464
5.608774
5.626264
5.587786
5.601111
5.660339
5.654858
2.725742
5.586758
5.650442
5.604040
5.668325
5.625222
5.585482
4.857411
5.594229
5.582125
5.056716
5.593483
5.529993
5.672572
