5.531841
2.246631
1.905475
1.576417
1.250819
0.913185
0.545461
0.515223
0.500980
0.517939
0.502612
0.519157
0.506280
0.523442
0.508078
0.515780
0.505710
0.500503
0.539502
0.520663
0.516852
0.508395
0.496975
0.503535
0.488355
0.509140
0.513300
0.515083
0.514360
0.509601
0.524838
0.503558
0.516077
0.509037
0.516721
0.498128
0.522777
0.500992
0.495440
0.562165
0.519894
0.510752
0.515541
0.499912
0.557406
0.528335
0.521442
0.505945
0.524569
0.505358
0.501799
0.497687
0.495400
0.513733
0.500760
0.508982
0.520320
0.504469
0.513122
0.522607
0.497711
0.494914
0.545549
0.501655
0.503053
0.497306
0.517883
0.523954
0.507837
0.507498
0.514377
0.516003
0.506136
0.505927
0.517956
0.507024
0.528129
0.525558
0.506892
0.503611
0.499139
0.490970
0.502107
0.518733
0.502951
0.497562
0.489649
0.503723
0.507111
0.511940
2.341001
0.503702
0.511038
0.552831
0.498692
0.526717
1.274945
0.581861
0.521949
0.521186
0.496210
