0.001468
0.001562
0.001412
0.001445
0.001511
0.001443
0.001458
0.001476
0.001427
0.001494
0.001670
0.001531
0.001399
0.001414
0.001468
0.001431
0.001462
0.001472
0.001411
0.001410
0.001490
0.001560
0.001384
0.001404
0.001551
0.001409
0.001392
0.001527
0.001394
0.001432
0.001429
0.001258
0.001449
0.001408
0.001412
0.001403
0.001408
0.001633
0.001388
0.001454
0.001515
0.001416
0.001432
0.001447
0.001393
0.005487
0.001440
0.001521
0.001448
0.001470
0.001430
0.001460
0.001563
0.001473
0.001393
0.001416
0.001635
0.001463
0.001400
0.001640
0.001491
0.001594
0.001483
0.002181
0.001481
0.001500
0.001741
0.001387
0.001493
0.001432
0.001405
0.001446
0.001530
0.001452
0.001476
0.001451
0.001451
0.001442
0.001796
0.001402
0.001377
0.001393
0.001484
0.001933
0.001553
0.001475
0.001575
0.001395
0.001439
0.001623
0.001466
0.001484
0.001400
0.001456
0.001444
0.001898
0.001509
0.001484
0.001460
0.001406
0.001672
0.001404
0.001719
0.001432
0.001451
0.001773
0.001429
0.001593
0.001452
0.001430
0.001763
0.001418
0.001503
0.001499
0.001468
0.001419
0.001616
0.001702
0.001474
0.001484
0.001494
0.001410
0.001562
0.001480
0.001449
0.005118
0.001396
0.001404
0.001434
0.001466
0.001451
0.001400
0.001398
0.001462
0.001422
0.001406
0.001402
0.001425
0.001420
0.001603
0.001404
0.001438
0.001400
0.001415
0.001445
0.001388
0.001653
0.001415
0.001676
0.001445
0.001386
0.001415
0.001502
0.001564
0.001468
0.001405
0.001431
0.001430
0.001461
0.001466
0.001817
0.001470
0.001410
0.001386
0.001451
0.001385
0.001403
0.001449
0.001440
0.001441
0.001649
0.001413
0.001480
0.001413
0.001422
0.001593
0.001434
0.001503
0.001432
0.001546
0.001460
0.001610
0.001412
0.001449
0.001510
0.001590
0.001402
0.001447
0.001441
0.001442
0.001438
0.001442
0.001634
0.001460
0.001458
0.001440
0.001567
0.001408
0.001469
0.001402
0.001434
0.001486
0.001446
0.001581
0.001458
0.001560
0.001433
0.001749
0.001431
0.001417
0.001820
0.001491
0.001695
0.001556
0.001512
0.001734
0.001595
0.001455
0.001456
0.001407
0.001693
0.001423
0.001431
0.001612
0.001378
0.001514
0.001424
0.001510
0.001421
0.001478
0.001411
0.001441
0.001420
0.001600
0.001850
0.001406
0.001681
0.001423
0.001435
0.001474
0.001399
0.001736
0.001447
0.001429
0.001437
0.001393
0.001630
0.001459
0.001548
0.001460
0.001465
0.001445
0.001407
0.001364
0.001381
0.001483
0.001406
0.001407
0.001492
0.001439
0.001452
0.001714
0.001418
0.001454
0.001455
0.001466
0.001384
0.001435
0.001425
0.001435
0.001421
0.001400
0.001427
0.001418
0.001650
0.001967
0.001565
0.001733
0.001490
0.001615
0.001821
0.001405
0.001422
0.001439
0.001481
0.001576
0.001452
0.001609
0.001472
0.001440
0.001469
0.001485
0.001442
0.001538
0.001476
0.001506
0.001448
0.001433
0.001475
0.001388
0.001390
0.001512
0.001430
0.001484
0.001437
0.001686
0.001443
0.001438
0.001424
0.001539
0.001430
0.001627
0.001516
0.001393
0.001445
0.001453
0.001396
0.001438
0.001445
0.001451
0.001380
0.001465
0.001524
0.001914
0.001456
0.001495
0.001531
0.001387
0.001527
0.001541
0.001444
0.001417
0.001443
0.001396
0.001480
0.001447
0.001398
0.001482
0.001547
0.001492
0.001531
0.001472
0.001447
0.001472
0.001461
0.001423
0.001643
0.002367
0.001454
0.001442
0.001439
0.001452
0.001433
0.001466
0.001411
0.001395
0.001453
0.001447
0.001473
0.001482
0.001426
0.001399
0.001422
0.001677
0.001429
0.001442
0.001415
0.001412
0.001422
0.002555
0.001465
0.001608
0.001462
0.001454
0.001455
0.001565
0.001394
0.001490
0.001492
0.001509
0.001482
0.001446
0.001552
0.001620
0.001425
0.001463
0.001447
0.001488
0.001414
0.001476
0.001462
0.001435
0.001567
0.001460
0.001429
0.001421
0.001359
0.001548
0.001513
0.001461
0.001377
0.001586
0.001438
0.001546
0.001420
0.001502
0.001444
0.001496
0.001408
0.001454
0.001423
0.001460
0.001631
0.001477
0.001398
0.001586
0.001394
0.001570
0.001465
0.001418
0.001421
0.001400
0.001606
0.001644
0.001689
0.001418
0.001488
0.001407
0.001435
0.001454
0.001471
0.001424
0.001467
0.001412
0.001423
0.001423
0.001450
0.001426
0.001446
0.001491
0.001574
0.001617
0.001451
0.001400
0.001457
0.001414
0.001444
0.001461
0.001485
0.001404
0.001503
0.001512
0.001440
0.001584
0.001465
0.001458
0.001464
0.001486
0.001483
0.001633
0.001440
0.001419
0.001431
0.001415
0.001458
0.001437
0.001471
0.001820
0.001463
0.001437
0.001431
0.001483
0.001378
0.002093
0.001468
0.001584
0.001602
0.001491
0.001437
0.001722
0.001421
0.001487
0.001417
0.001691
0.001513
0.001556
0.001773
0.001467
0.001406
0.001652
0.001356
0.001436
0.001410
0.001425
0.001437
0.001553
0.001463
0.001430
0.001407
0.001417
0.001419
0.001483
0.001505
0.001665
0.001443
0.001431
0.001485
0.001453
0.001391
0.001417
0.001452
0.001410
0.001459
0.001428
0.001473
0.001479
0.001470
0.001416
0.001416
0.001409
0.001423
0.001456
0.001458
0.001427
0.001444
0.001384
0.001443
0.001475
0.001476
0.001591
0.001554
0.001414
0.002234
0.001651
0.001548
0.001451
0.001461
0.001417
0.001465
0.001665
0.001932
0.001384
0.001639
0.001945
0.001433
0.001474
0.001738
0.001458
0.001460
0.001412
0.001489
0.001424
0.001677
0.001434
0.001483
0.001507
0.001445
0.001504
0.001557
0.001484
0.001576
0.001647
0.001688
0.001778
0.001463
0.001462
0.001462
0.001490
0.001552
0.001484
0.001436
0.001431
0.001426
0.001427
0.001362
0.001900
0.001407
0.001468
0.001556
0.001462
0.001876
0.001447
0.001495
0.001482
0.001436
0.001434
0.001391
0.001415
0.001510
0.001414
0.001537
0.001482
0.001612
0.001444
0.001513
0.001468
0.001411
0.001598
0.001594
0.002315
0.001391
0.001459
0.001440
0.001465
0.001477
0.001497
0.001714
0.001412
0.001474
0.001423
0.001556
0.001610
0.001492
0.001448
0.001566
0.001533
0.001449
0.001428
0.001477
0.001436
0.001421
0.001633
0.001417
0.001681
0.001469
0.001431
0.001626
0.001446
0.001449
0.001806
0.001483
0.001484
0.001412
0.001454
0.001447
0.001387
0.001567
0.001504
0.001319
0.001491
0.001621
0.001451
0.001410
0.001464
0.001432
0.001465
0.001461
0.001709
0.001462
0.001508
0.001423
0.001492
0.001412
0.001494
0.001643
0.001461
0.001694
0.001418
0.001444
0.001458
0.001463
0.001494
0.001419
0.001426
0.001456
0.001405
0.001444
0.001418
0.001415
0.001437
0.001450
0.001416
0.001428
0.001473
0.001443
0.001448
0.001465
0.001387
0.001457
0.001439
0.001517
0.002012
0.001418
0.001525
0.001409
0.001423
0.001439
0.001667
0.001498
0.001570
0.001716
0.001614
0.001446
0.001488
0.001445
0.001391
0.001521
0.001496
0.001518
0.001393
0.001447
0.001599
0.001474
0.001432
0.001573
0.001564
0.001554
0.001378
0.001584
0.001474
0.001448
0.001385
0.001457
0.001491
0.001742
0.001454
0.001402
0.001490
0.001439
0.001453
0.001504
0.001419
0.001661
0.001654
0.001625
0.001463
0.001412
0.001420
0.001417
0.001481
0.001408
0.001464
0.001491
0.001508
0.001429
0.001503
0.001428
0.001501
0.001532
0.001459
0.001427
0.001457
0.001502
0.001428
0.001421
0.001467
0.001477
0.001415
0.001397
0.001427
0.001424
0.001448
0.001598
0.001537
0.001443
0.001533
0.001752
0.001452
0.001399
0.001643
0.001429
0.001483
0.001464
0.001644
0.001446
0.001631
0.001530
0.001404
0.001436
0.001593
0.001357
0.001621
0.001821
0.001501
0.001453
0.001504
0.001618
0.001510
0.001427
0.001409
0.002307
0.001421
0.001468
0.001427
0.001567
0.001343
0.001420
0.001474
0.001429
0.001877
0.001425
0.001646
0.001394
0.001412
0.001412
0.001519
0.001657
0.001483
0.001492
0.001392
0.001459
0.001555
0.001503
0.001401
0.001484
0.001570
0.001315
0.001544
0.001676
0.001384
0.001458
0.001409
0.001736
0.001464
0.001435
0.001494
0.001652
0.001474
0.001638
0.001424
0.001384
0.001476
0.001577
0.001442
0.001418
0.001472
0.001537
0.001423
0.001465
0.001551
0.001562
0.001459
0.001394
0.001494
0.001501
0.001433
0.001472
0.001412
0.001468
0.001440
0.001458
0.001415
0.001381
0.001505
0.001461
0.001502
0.001734
0.001450
0.001519
0.001487
0.001394
0.001376
0.001480
0.001422
0.001384
0.001463
0.001709
0.001460
0.001432
0.001487
0.001446
0.001544
0.001466
0.001433
0.001444
0.001415
0.001415
0.001459
0.001442
0.001433
0.001563
0.001429
0.001378
0.001463
0.001457
0.001751
0.001412
0.001437
0.001412
0.001461
0.001451
0.001556
0.001473
0.001453
0.001557
0.001439
0.001642
0.001493
0.001438
0.001562
0.001425
0.001411
0.001461
0.001521
0.001623
0.001490
0.001408
0.001465
0.001404
0.001787
0.001406
0.001403
0.001411
0.001434
0.002016
0.001699
0.001413
0.001415
0.001432
0.001469
0.001447
0.001482
0.001397
0.001636
0.002218
0.001647
0.001439
0.001436
0.001447
0.001400
0.001585
0.001592
0.001696
0.001495
0.001541
0.001394
0.001375
0.001534
0.001425
0.001513
0.001459
0.001427
0.001469
0.001429
0.001551
0.001590
0.001405
0.001741
0.001413
0.001773
0.001454
0.001873
0.001485
0.001522
0.001390
0.001440
0.001453
0.001456
0.001444
0.001398
0.001441
0.001542
0.001409
0.001511
0.001437
0.001513
0.001406
0.001434
0.001457
0.001434
0.001420
0.001402
0.001405
0.001428
0.001447
0.001472
0.001667
0.001655
0.001471
0.001449
0.001421
0.001609
0.001640
0.001456
0.001386
0.001796
0.001422
0.001537
0.001507
0.001381
0.001538
0.001392
0.001456
0.001384
0.001444
0.001443
0.001412
0.001408
0.001390
0.001418
0.001453
0.001381
0.001424
0.001518
0.001447
0.001437
0.001477
0.001379
0.001428
0.001441
