0.952958
0.977437
0.979427
0.974353
0.965135
0.988873
0.959816
1.001949
0.969300
0.971599
0.972373
0.978757
0.968481
0.978842
0.968775
0.969456
0.970040
0.980442
0.994184
0.970540
0.994062
0.986034
0.956991
0.992993
0.966499
0.971089
0.987729
0.963333
0.948406
1.021914
1.022166
1.033353
0.995741
0.965140
0.972541
1.003385
0.965676
0.967294
0.972332
0.976638
0.982495
1.008442
0.997119
1.109202
1.127561
0.979490
0.965426
0.976846
0.985525
0.976581
0.981499
0.953850
0.980079
1.018353
0.958219
0.967684
0.987484
0.976059
0.960228
0.978405
0.979353
0.958251
0.989083
1.003040
1.005848
0.971029
0.977616
0.991172
0.962319
0.984574
0.979664
0.968798
0.949208
0.970846
0.991043
1.044203
0.989617
0.971086
1.049918
0.970386
0.971472
0.962761
0.979154
0.991069
0.963428
0.968195
1.011652
0.963498
0.991116
0.980575
0.971002
0.994443
0.973277
0.969362
0.965256
0.966036
0.983484
0.979678
0.971461
0.962317
0.982067
0.997846
0.999483
0.988962
0.961270
0.982012
0.957913
0.966530
1.001491
0.964900
0.972819
0.958646
0.976789
0.974167
0.976713
0.966592
0.968506
0.971244
0.973661
1.025222
0.971072
0.970539
0.983272
0.984137
0.989339
0.973032
0.962554
0.991417
0.987262
0.967505
0.995957
0.963733
0.973411
0.976645
0.960828
1.007149
0.972443
0.970216
0.966549
0.953119
0.962530
0.973773
0.954840
0.963117
1.001531
0.957436
0.973836
0.959141
0.978749
0.988392
0.954291
0.944007
0.968079
0.969736
1.003463
0.982215
0.966398
0.993282
1.014008
0.990815
0.983266
0.971624
0.989122
0.999121
0.971793
0.971869
0.958374
0.999687
0.971800
0.972992
0.966662
0.983777
0.972943
0.960112
1.014881
0.967287
0.987865
1.017405
0.967104
0.984471
0.971565
0.978224
0.980922
0.979437
0.968258
1.000624
0.989259
1.000540
0.969467
0.979577
0.972076
0.995268
0.997920
0.977646
0.989873
0.950740
1.000650
0.991064
0.997583
0.960000
0.978610
0.964755
0.961149
0.990383
0.995861
0.974364
0.976686
1.005247
0.985346
0.993791
1.020962
1.013917
0.973348
1.004532
0.995666
1.011642
0.967429
0.950870
0.984037
0.977950
0.995881
0.981102
0.975797
1.009740
0.974624
0.985204
0.988912
0.965763
0.986613
0.974182
0.958356
1.000669
0.964058
0.972772
0.992843
0.994034
0.994645
0.991066
0.977561
0.981026
0.968798
0.976119
0.996480
0.964215
0.979935
0.990675
0.963396
0.990428
0.962991
0.981142
0.985660
0.982775
0.973796
1.067231
0.959734
0.963144
0.966697
0.966161
0.949428
0.950590
0.984738
0.974582
0.978809
0.981035
0.983727
0.955381
0.973413
0.964044
0.956780
0.978770
0.976696
0.987173
0.983843
0.987985
0.979264
1.023809
0.959875
0.967360
0.952130
0.968576
1.011641
0.982260
0.988403
0.965571
0.991261
0.972804
0.973097
0.980205
0.947940
0.977808
0.971558
0.989631
0.977425
0.991363
0.990662
1.001483
0.993710
0.978233
0.956407
0.974214
0.971894
0.976325
0.982405
0.960946
1.033061
0.978184
1.002283
0.977091
0.964341
0.979262
0.981817
0.998757
0.974103
0.978295
0.962424
0.955009
0.991124
0.981252
0.999760
0.974950
0.950864
0.970232
0.983633
0.974578
0.975399
0.973227
0.961719
0.948102
0.994748
0.969701
0.994856
0.973167
0.979706
0.963246
0.972152
0.983706
0.970682
0.967652
0.962349
0.982153
0.977567
0.979699
0.966618
0.955566
0.972599
1.004515
0.980826
0.972835
0.981784
0.975172
0.972018
0.980773
1.031540
1.024615
0.964314
0.995113
0.955230
0.999734
0.979172
0.974218
0.948118
0.972243
0.974899
0.986135
0.989487
0.974286
0.952530
0.972361
0.974025
1.035817
0.974789
0.970954
1.001947
0.988443
1.026473
0.991522
0.972161
1.042451
1.021175
0.974466
0.971326
0.955593
0.958120
0.988824
0.982480
1.007825
0.984378
0.969704
0.976071
0.965673
0.989221
0.993089
0.965516
0.957851
0.973962
0.973188
0.964635
0.967355
0.976397
0.986935
0.976251
0.989330
0.964596
0.962594
0.955498
0.964944
1.000646
0.994724
1.014221
0.981440
0.972383
0.984818
0.997166
0.966980
0.954332
0.968818
0.985027
0.971562
1.003438
0.984748
0.966693
0.989647
0.982084
1.059604
0.983161
0.974911
0.970803
0.990622
0.979188
0.985062
0.991788
0.998920
0.979116
1.000090
0.980328
0.962382
0.967674
0.973634
0.965923
0.987969
0.975210
1.000428
0.982763
1.000087
1.001578
0.975236
0.985885
0.964662
0.976623
0.995393
0.970378
0.972783
0.984837
0.980941
0.969056
0.990134
0.989087
0.988187
0.969301
0.957473
0.972897
0.958487
0.978868
0.966346
0.986315
0.982907
1.023129
1.031741
0.975660
0.991547
0.972272
0.962408
0.962852
1.026044
0.978354
0.966699
0.989409
0.983678
0.969348
1.008548
0.994347
0.966281
0.967383
0.983028
0.998251
1.016838
0.965382
0.971860
0.986166
0.975237
0.972064
1.010304
0.959794
0.963226
0.975954
0.976043
0.971211
1.009971
0.974235
0.978427
0.987379
0.968557
0.968023
0.988567
0.971434
0.978956
0.955984
0.968532
0.952257
0.978023
0.990295
0.956437
0.983592
0.953112
0.972860
0.961828
0.990855
0.956225
0.997172
0.969955
0.966827
0.974887
0.980975
0.979887
0.967794
0.955623
1.011794
0.955201
0.992696
0.956742
0.967476
0.963504
1.016824
0.980349
0.987342
0.984050
0.973731
0.999430
0.970812
0.954934
0.981732
0.958558
0.976291
0.998190
1.023987
0.995910
1.031292
0.964281
0.986645
0.957965
0.984275
0.977646
0.979226
0.982191
0.961259
0.976891
0.973803
0.953289
0.994263
0.968344
0.968804
0.989180
0.979300
0.955957
1.011223
0.972284
0.966534
0.983746
0.963444
0.975701
0.983506
1.008937
0.982161
0.968456
0.976315
0.966157
0.977006
0.976879
0.963878
0.975498
0.977065
0.972613
1.009676
0.969211
0.978225
0.967844
0.970136
0.957473
0.979959
0.966498
0.956802
0.980311
0.973803
0.981037
0.981469
0.957491
0.953179
0.963741
0.956773
0.966110
0.966562
0.963560
0.984985
0.986394
0.961386
0.986357
0.964676
0.954994
0.974838
0.980238
0.998242
1.031402
1.021507
0.977703
0.970762
0.979069
0.973802
0.983130
0.966497
0.967354
0.966703
0.975336
0.992053
0.996746
0.976482
0.972251
0.987863
0.972861
0.966282
0.971584
0.982473
0.969823
0.984842
0.969747
0.998163
1.009495
0.966381
0.977496
0.970427
0.975519
0.981645
0.982031
0.988731
0.962837
0.957056
0.995957
0.970295
0.957199
0.984107
0.972457
0.974784
1.000611
0.966997
0.968452
0.982995
0.964117
0.965759
0.981580
0.956522
1.005420
0.988152
1.020592
0.962435
0.981476
0.967094
0.986206
0.977912
0.978549
0.972498
0.977906
0.978438
0.978669
0.964310
0.976346
0.968134
0.999158
0.982918
0.956416
0.990340
0.952812
0.968544
1.004977
1.000359
0.966772
0.981635
0.959543
1.022511
0.983714
0.969965
1.003283
0.988037
0.975399
0.957780
1.002034
0.985632
0.973339
0.972821
0.973041
0.955754
0.963927
0.983156
0.974430
0.974739
0.965519
0.974095
0.984999
1.043119
0.974773
0.983955
0.984977
0.971947
0.960384
1.031309
1.037871
0.984944
0.989384
0.955180
0.971458
0.971136
0.984354
0.992878
0.993006
0.967686
0.963979
0.991795
0.965663
0.998420
0.980887
0.967744
0.973007
0.976074
0.975441
0.972406
0.987390
0.963427
0.971865
0.984430
0.977107
0.999477
0.985564
0.959363
0.968654
1.010826
0.972850
0.969068
0.980816
0.968705
0.961899
0.979872
0.968035
0.958828
0.966780
0.983643
0.982309
0.963649
0.980219
0.973251
0.995904
1.004060
0.986477
0.991738
0.972447
0.979633
1.009520
0.960932
0.966439
0.972557
0.976389
0.984680
0.963183
0.962343
0.983814
1.021184
0.964651
1.008047
0.968413
0.955501
0.964074
0.970108
0.977917
0.958510
0.965951
0.964307
0.971725
0.956010
1.023028
0.967664
0.988987
0.976633
0.960693
0.975729
0.977490
0.976946
0.970119
0.979404
0.953136
0.997824
0.998252
0.980804
0.972598
0.976836
0.974273
0.980322
0.977109
0.974291
0.964263
0.962890
0.969260
0.974896
0.969248
0.984972
0.961304
0.973156
0.998109
0.974069
0.974885
0.961046
0.980248
0.983795
1.001254
0.970044
0.969519
0.975048
0.984925
0.985709
0.987786
0.977093
0.972955
0.998324
1.013917
0.982809
0.982574
0.962346
0.974644
0.976305
0.968795
0.959682
1.042208
0.977898
0.955796
1.004415
0.989852
0.960666
0.981447
0.973888
0.988256
0.967063
0.991546
0.976338
0.964006
0.966996
1.001638
0.990491
0.974598
0.962558
0.978172
0.974921
1.003399
1.015522
0.984763
0.980477
0.979097
1.015053
0.991760
0.983013
0.964779
0.966734
0.966468
0.979153
1.008883
0.969128
0.965605
0.977891
0.991118
0.981022
1.013860
0.978281
0.967742
1.012229
1.115000
1.008854
0.990695
0.981118
0.972683
0.986723
0.980530
0.962739
1.000983
0.959382
1.020013
1.000396
0.975895
0.987836
1.022429
0.970448
0.990962
1.013947
0.984311
0.974402
0.971857
0.963008
0.971312
1.000984
0.973673
0.958365
0.979876
0.971443
0.956984
0.993563
0.978981
0.953319
0.995315
0.953461
0.967744
0.955724
0.971291
0.959754
1.010887
0.986246
0.969120
0.995513
0.947950
0.967563
0.990416
0.970923
0.957720
1.001470
0.971429
1.030695
0.998037
0.975956
0.984665
0.979560
0.963995
0.963922
0.981993
0.953526
0.981142
0.957701
0.961291
0.989708
0.962958
0.970929
0.958140
0.983142
0.965448
0.990706
0.973497
0.999023
0.972098
1.017520
0.986852
0.955569
0.964573
0.959848
0.981103
0.972651
0.988342
0.994083
0.978719
0.963325
0.964296
0.973300
0.957718
0.960518
0.965113
0.990514
0.972950
0.981202
0.974211
0.967929
0.963944
0.993535
0.965774
0.952693
0.980151
0.953963
0.977635
0.977540
0.988478
0.955378
0.972610
0.967222
0.957882
0.982316
0.971487
0.975717
0.966868
1.014318
0.976059
0.987757
0.962723
0.966252
0.974635
0.971593
0.989540
1.014303
0.965852
0.955249
0.990946
