0.627387
0.643549
0.653689
0.644466
0.636871
0.656568
0.630800
0.655390
0.642154
0.645120
0.647068
0.647459
0.637465
0.645252
0.642601
0.635050
0.638879
0.643116
0.653068
0.642910
0.659022
0.656575
0.626947
0.658547
0.639561
0.641366
0.657025
0.635801
0.620697
0.677618
0.655338
0.697801
0.659883
0.637962
0.634953
0.672447
0.641678
0.637317
0.648308
0.648221
0.642740
0.667123
0.649237
0.758517
0.741927
0.639055
0.640021
0.643623
0.648806
0.647469
0.658052
0.634837
0.652824
0.676932
0.620858
0.634950
0.642610
0.650322
0.636924
0.641106
0.657362
0.635501
0.658258
0.650431
0.671531
0.640802
0.634786
0.648958
0.634509
0.656442
0.651959
0.643418
0.630215
0.644933
0.646048
0.694999
0.666587
0.640594
0.656995
0.641415
0.634716
0.642725
0.653243
0.646453
0.639253
0.627457
0.671833
0.639698
0.663896
0.637137
0.646551
0.672170
0.635122
0.641403
0.644651
0.624303
0.649788
0.655106
0.641935
0.641604
0.652761
0.670390
0.665368
0.654088
0.629171
0.642641
0.632735
0.633599
0.665023
0.643768
0.642500
0.636060
0.655741
0.651261
0.654871
0.639829
0.645384
0.631880
0.647813
0.680460
0.649591
0.640454
0.647450
0.648858
0.654805
0.643643
0.633112
0.670746
0.638338
0.645121
0.661696
0.642519
0.641034
0.646181
0.632229
0.671006
0.639202
0.645332
0.640234
0.636150
0.641039
0.645950
0.636174
0.642662
0.661405
0.636437
0.634021
0.636287
0.648920
0.652901
0.630170
0.628099
0.638311
0.640667
0.659980
0.659018
0.643121
0.654188
0.663597
0.663211
0.650031
0.649225
0.648709
0.647048
0.650892
0.648336
0.633471
0.637914
0.643951
0.645165
0.641755
0.665169
0.640291
0.641839
0.637070
0.646037
0.662493
0.684786
0.640299
0.654549
0.651036
0.660506
0.657187
0.656182
0.648635
0.641838
0.653021
0.669287
0.643830
0.654391
0.639108
0.669277
0.668929
0.649116
0.664091
0.630516
0.635769
0.658220
0.674558
0.638173
0.636471
0.643533
0.634484
0.645502
0.671137
0.640499
0.646408
0.664617
0.648375
0.661045
0.691578
0.669253
0.648457
0.649670
0.665298
0.656582
0.642000
0.630009
0.633422
0.642644
0.670573
0.641587
0.643885
0.682124
0.636656
0.652373
0.652666
0.640219
0.645777
0.641241
0.631104
0.640527
0.640859
0.643421
0.662319
0.664022
0.653437
0.660533
0.650432
0.640128
0.641163
0.641534
0.652949
0.642300
0.657096
0.657707
0.635058
0.652936
0.642618
0.652907
0.660006
0.662103
0.640727
0.719771
0.629885
0.634394
0.631861
0.641893
0.628774
0.623322
0.663207
0.649905
0.645280
0.651480
0.659927
0.631853
0.649976
0.639935
0.634235
0.647596
0.634079
0.638039
0.631333
0.661841
0.642190
0.669244
0.634584
0.646705
0.632156
0.646623
0.674256
0.645969
0.654168
0.639430
0.663219
0.638438
0.637764
0.649712
0.627558
0.649927
0.643858
0.656122
0.642427
0.646760
0.658830
0.662515
0.660320
0.648270
0.632052
0.646517
0.644922
0.649556
0.649060
0.635793
0.677617
0.643213
0.675671
0.641815
0.635145
0.636208
0.655969
0.651305
0.648850
0.650353
0.640988
0.633030
0.661992
0.643220
0.669914
0.647734
0.626711
0.643570
0.659708
0.651156
0.649515
0.647406
0.635212
0.627106
0.652672
0.631367
0.662128
0.640104
0.652083
0.638953
0.642981
0.651613
0.646372
0.632542
0.631475
0.648138
0.642743
0.644249
0.644567
0.622759
0.639453
0.657205
0.644253
0.638868
0.637248
0.631618
0.641211
0.646485
0.678605
0.693710
0.642512
0.654055
0.628929
0.650836
0.638361
0.630585
0.626974
0.646499
0.640434
0.656284
0.647530
0.646996
0.633115
0.652082
0.645445
0.687586
0.646589
0.633860
0.673127
0.649350
0.682968
0.650189
0.644315
0.683438
0.686162
0.635301
0.645204
0.630108
0.632949
0.651196
0.649021
0.681310
0.659836
0.647654
0.636848
0.636628
0.658774
0.666675
0.632179
0.634427
0.641289
0.642219
0.643498
0.629785
0.651917
0.659781
0.639838
0.649402
0.636006
0.637587
0.637081
0.637144
0.664962
0.671782
0.662511
0.650583
0.629524
0.649204
0.666650
0.644423
0.632132
0.643573
0.657239
0.642399
0.670080
0.645224
0.642212
0.644539
0.645792
0.720177
0.650714
0.653451
0.642137
0.653806
0.647476
0.663959
0.649490
0.664226
0.645563
0.655905
0.652712
0.643782
0.637110
0.652623
0.637416
0.656438
0.654290
0.654221
0.641042
0.660991
0.658252
0.647542
0.659367
0.639270
0.643279
0.660076
0.647093
0.641369
0.646525
0.657913
0.647139
0.656457
0.656490
0.641963
0.641550
0.631981
0.651002
0.635002
0.634650
0.641895
0.661345
0.652421
0.688923
0.703570
0.641609
0.645695
0.642496
0.639120
0.631610
0.674627
0.650402
0.644200
0.647274
0.652774
0.646480
0.673578
0.642434
0.636284
0.632359
0.651049
0.650707
0.660653
0.637545
0.642748
0.633688
0.653875
0.646660
0.640631
0.634187
0.636554
0.643530
0.648090
0.639554
0.665697
0.651939
0.650927
0.644648
0.643632
0.630935
0.658884
0.643203
0.650175
0.637196
0.640709
0.632684
0.645375
0.667301
0.629294
0.655487
0.636916
0.646661
0.638650
0.670409
0.640705
0.655114
0.637187
0.641752
0.641115
0.653006
0.640618
0.649747
0.636082
0.691475
0.642997
0.656667
0.636724
0.646263
0.641878
0.658627
0.648774
0.655641
0.650394
0.648954
0.659950
0.645718
0.636051
0.647876
0.636269
0.648347
0.662017
0.679316
0.649894
0.686297
0.635689
0.644959
0.641350
0.655968
0.645237
0.639779
0.651808
0.643358
0.651445
0.648734
0.638005
0.666330
0.644102
0.630274
0.667183
0.657102
0.636034
0.685386
0.642473
0.644558
0.660084
0.641507
0.658266
0.648111
0.643528
0.650047
0.642098
0.652673
0.646529
0.654708
0.658152
0.642786
0.654404
0.651342
0.643009
0.677261
0.638416
0.653225
0.649425
0.642406
0.638701
0.657873
0.644342
0.631238
0.652367
0.642158
0.640540
0.649482
0.642910
0.636638
0.639696
0.636058
0.644618
0.638940
0.642730
0.661942
0.652571
0.636062
0.662088
0.631414
0.625300
0.641610
0.636544
0.659148
0.703599
0.661842
0.649749
0.634107
0.649976
0.651971
0.656206
0.646003
0.639121
0.639288
0.644480
0.660295
0.671025
0.653979
0.637877
0.655593
0.642657
0.642959
0.642227
0.644553
0.642309
0.650198
0.647665
0.662833
0.680698
0.640523
0.656987
0.645296
0.650033
0.640498
0.644782
0.654734
0.643688
0.632559
0.658567
0.639340
0.629366
0.658020
0.637696
0.653660
0.667739
0.640125
0.638712
0.645743
0.644923
0.640454
0.656140
0.622193
0.668258
0.656374
0.661816
0.637739
0.647659
0.640508
0.659220
0.652691
0.639040
0.642931
0.654123
0.642116
0.641275
0.635970
0.648207
0.645873
0.671585
0.655473
0.637081
0.646683
0.635157
0.647009
0.661151
0.663466
0.641502
0.647393
0.629950
0.685000
0.659625
0.652783
0.667104
0.657274
0.652938
0.636619
0.662202
0.653350
0.645298
0.652990
0.653969
0.630946
0.648824
0.648296
0.649527
0.653230
0.646584
0.639877
0.654249
0.690027
0.652663
0.655396
0.660061
0.644489
0.629325
0.690706
0.696482
0.642324
0.650871
0.636589
0.638735
0.648679
0.644509
0.668159
0.645004
0.637815
0.638172
0.660148
0.640531
0.663766
0.652785
0.644024
0.652707
0.648452
0.634275
0.644010
0.659035
0.643921
0.645492
0.651335
0.644950
0.660637
0.650854
0.638237
0.639344
0.647443
0.645945
0.647248
0.645785
0.640434
0.637110
0.642529
0.646855
0.641241
0.631618
0.655390
0.646839
0.626335
0.637512
0.641006
0.645079
0.657059
0.667109
0.643167
0.644538
0.650986
0.669077
0.640908
0.638346
0.641384
0.643018
0.649538
0.638045
0.641057
0.652045
0.685801
0.642913
0.668007
0.643252
0.636061
0.635669
0.643500
0.646181
0.631495
0.647969
0.640253
0.650969
0.632219
0.689184
0.627959
0.662019
0.638461
0.631105
0.639413
0.656900
0.650087
0.650111
0.654777
0.629640
0.673317
0.663899
0.634612
0.638911
0.641046
0.644916
0.650074
0.658676
0.654610
0.644551
0.624623
0.648444
0.646986
0.643189
0.635792
0.633308
0.641056
0.659062
0.646323
0.648253
0.636979
0.654091
0.654246
0.677474
0.634766
0.642034
0.644420
0.653036
0.645721
0.652310
0.651085
0.646662
0.661072
0.648751
0.652775
0.654037
0.633328
0.653552
0.653884
0.641467
0.636276
0.644648
0.645900
0.631301
0.665009
0.659644
0.636109
0.635495
0.643485
0.660738
0.641861
0.650330
0.648055
0.641649
0.633773
0.662325
0.657019
0.649693
0.639197
0.647714
0.650412
0.673303
0.661130
0.643717
0.652625
0.652786
0.651775
0.647180
0.661046
0.641531
0.639024
0.640182
0.656729
0.670087
0.643940
0.639497
0.646148
0.665275
0.649470
0.667478
0.638088
0.640085
0.682256
0.736118
0.670326
0.655933
0.650900
0.630807
0.662150
0.648909
0.636571
0.668470
0.637808
0.682494
0.667334
0.654000
0.653062
0.681067
0.647680
0.661814
0.673369
0.650781
0.645425
0.647318
0.638066
0.636743
0.665840
0.635384
0.637812
0.648372
0.642756
0.628968
0.652230
0.643588
0.634966
0.658777
0.633609
0.635054
0.630387
0.641369
0.626971
0.672742
0.650694
0.639661
0.647887
0.626440
0.643285
0.649368
0.639762
0.629224
0.663677
0.644292
0.677414
0.647968
0.650745
0.652137
0.642866
0.646239
0.635119
0.645859
0.631259
0.636397
0.635436
0.636593
0.660306
0.629634
0.644256
0.636376
0.638940
0.643386
0.658372
0.644757
0.654986
0.644192
0.677841
0.651573
0.635355
0.637423
0.634151
0.641631
0.647047
0.653370
0.665219
0.647391
0.632771
0.627072
0.649083
0.633466
0.634611
0.635525
0.653660
0.637175
0.646596
0.644300
0.641377
0.640565
0.645490
0.638757
0.629047
0.641194
0.635340
0.647154
0.649593
0.665927
0.630573
0.646283
0.640175
0.629518
0.644157
0.648359
0.639213
0.646499
0.672108
0.644553
0.663020
0.632129
0.640795
0.651981
0.643908
0.652833
0.685193
0.640991
0.634771
0.649017
