0.307939
0.315353
0.309632
0.314745
0.311945
0.317827
0.315852
0.333951
0.315020
0.314269
0.313071
0.318841
0.318885
0.322037
0.314110
0.322140
0.318764
0.325560
0.329094
0.315378
0.322561
0.316496
0.318068
0.322592
0.313461
0.317278
0.318370
0.315592
0.315687
0.331436
0.354915
0.323346
0.323366
0.314973
0.325651
0.318892
0.311974
0.316619
0.311819
0.315872
0.327667
0.322190
0.335838
0.337656
0.370977
0.324526
0.313465
0.321115
0.324169
0.316551
0.311276
0.307060
0.314958
0.328732
0.325588
0.320973
0.332536
0.313365
0.311426
0.324153
0.309850
0.310632
0.316339
0.339325
0.322341
0.316999
0.330437
0.330413
0.315688
0.316201
0.315530
0.313343
0.306787
0.313830
0.332764
0.328293
0.310759
0.318222
0.378907
0.316739
0.324696
0.307545
0.313386
0.332068
0.312385
0.328244
0.327933
0.311819
0.314983
0.331072
0.312252
0.310392
0.326210
0.313113
0.308627
0.329088
0.321706
0.312386
0.317451
0.308725
0.316827
0.315371
0.319575
0.322101
0.319948
0.327021
0.313345
0.319733
0.323154
0.309241
0.318225
0.310583
0.309078
0.310559
0.309815
0.313406
0.310858
0.327121
0.313776
0.332760
0.309283
0.317998
0.323634
0.323355
0.322472
0.313868
0.317217
0.308853
0.336945
0.309639
0.322230
0.309216
0.320170
0.317921
0.315682
0.324174
0.321204
0.312243
0.314053
0.305133
0.309744
0.315683
0.306746
0.308464
0.326617
0.309104
0.327368
0.310735
0.317577
0.322906
0.312179
0.303803
0.317734
0.316828
0.331100
0.311381
0.310471
0.327303
0.338029
0.315161
0.319930
0.310458
0.328522
0.339814
0.308848
0.311611
0.312963
0.349805
0.315676
0.315747
0.312607
0.306602
0.319998
0.306332
0.365668
0.308721
0.313132
0.318568
0.314732
0.317041
0.308443
0.305499
0.311868
0.310990
0.307090
0.346126
0.324527
0.317937
0.313432
0.312611
0.320429
0.313971
0.316340
0.316406
0.313730
0.307669
0.348448
0.320682
0.310639
0.309396
0.330121
0.309169
0.314959
0.332410
0.312529
0.320453
0.318494
0.327899
0.324720
0.320425
0.316363
0.332476
0.312319
0.342593
0.318392
0.342473
0.313097
0.308521
0.337926
0.323434
0.312302
0.327662
0.319189
0.314302
0.326201
0.319114
0.324258
0.313065
0.328363
0.321104
0.315227
0.348116
0.311421
0.317237
0.318105
0.317891
0.328666
0.317610
0.315083
0.329040
0.315727
0.322109
0.331504
0.309533
0.310898
0.320077
0.316009
0.325376
0.308207
0.316119
0.313421
0.308709
0.320867
0.333867
0.318190
0.316771
0.322962
0.312183
0.308484
0.315200
0.309662
0.312319
0.321217
0.317672
0.311409
0.311647
0.311100
0.311768
0.310126
0.319150
0.325830
0.336610
0.339960
0.313755
0.324837
0.340935
0.313122
0.308500
0.307845
0.309703
0.324991
0.323980
0.322235
0.313988
0.315066
0.322422
0.323390
0.318184
0.308404
0.315329
0.315654
0.321467
0.322672
0.332300
0.319738
0.327041
0.321263
0.316641
0.312322
0.315557
0.314625
0.314802
0.321560
0.313119
0.342181
0.322579
0.314647
0.323180
0.317195
0.330987
0.313766
0.334988
0.312509
0.315891
0.309656
0.310063
0.316642
0.325415
0.317101
0.314160
0.312083
0.314465
0.311866
0.310981
0.314142
0.313143
0.314400
0.309328
0.329964
0.325719
0.320640
0.320695
0.315413
0.312114
0.315856
0.319718
0.312382
0.322726
0.318938
0.322269
0.322400
0.323080
0.309462
0.320945
0.320930
0.335020
0.324384
0.320843
0.332452
0.331369
0.318828
0.322256
0.340699
0.319014
0.309807
0.329271
0.314275
0.336744
0.328494
0.331604
0.309258
0.313970
0.322331
0.317753
0.328773
0.315048
0.307334
0.308208
0.316476
0.334906
0.315925
0.323884
0.316802
0.327329
0.331562
0.329119
0.315917
0.345836
0.322900
0.326867
0.314216
0.313528
0.313113
0.325034
0.321511
0.313108
0.312323
0.308915
0.326803
0.316590
0.318365
0.314140
0.321255
0.310933
0.320468
0.311348
0.309179
0.325537
0.312325
0.315135
0.323481
0.327850
0.316525
0.312965
0.305251
0.314035
0.323635
0.310495
0.339511
0.318967
0.330399
0.323516
0.318117
0.309947
0.310222
0.313403
0.315974
0.317031
0.320883
0.327714
0.312577
0.332937
0.323976
0.327084
0.319983
0.309588
0.316745
0.324286
0.319041
0.308988
0.329606
0.322725
0.321160
0.332312
0.315521
0.306587
0.318983
0.308313
0.316217
0.319479
0.307515
0.332666
0.329628
0.326599
0.331399
0.315535
0.314609
0.313376
0.320532
0.323411
0.310922
0.319270
0.326219
0.311125
0.309819
0.321273
0.320581
0.334278
0.315902
0.312592
0.309532
0.311505
0.332315
0.312838
0.312896
0.318430
0.321681
0.314421
0.322074
0.333640
0.317635
0.311042
0.319503
0.337954
0.315795
0.309245
0.329242
0.318215
0.310762
0.322038
0.339677
0.317185
0.322543
0.319365
0.335571
0.342884
0.315279
0.317124
0.340479
0.309033
0.312369
0.357318
0.313690
0.314499
0.320289
0.315941
0.318727
0.332464
0.309822
0.315585
0.330913
0.312887
0.324928
0.317271
0.316032
0.317025
0.306722
0.315454
0.307706
0.320821
0.310760
0.315552
0.315905
0.304384
0.313975
0.311032
0.308430
0.302888
0.330002
0.320652
0.313213
0.321729
0.313135
0.325383
0.305806
0.307540
0.307769
0.299947
0.323781
0.307697
0.308909
0.309638
0.342325
0.319278
0.318387
0.321080
0.312771
0.326722
0.312845
0.306778
0.321170
0.310324
0.315679
0.323232
0.331764
0.333495
0.329974
0.316578
0.329598
0.304440
0.313680
0.320670
0.326199
0.318359
0.305710
0.313000
0.312836
0.303372
0.315680
0.307997
0.326506
0.309541
0.309863
0.307372
0.313574
0.317418
0.309899
0.311400
0.309604
0.305498
0.323620
0.353541
0.320354
0.313965
0.311575
0.306904
0.310364
0.306553
0.308686
0.308920
0.313066
0.317736
0.320283
0.318787
0.312928
0.306245
0.315033
0.307081
0.308872
0.310147
0.313456
0.314817
0.319595
0.328272
0.319174
0.302627
0.304653
0.311104
0.308210
0.308202
0.315265
0.309004
0.311098
0.321821
0.313188
0.312051
0.320832
0.317635
0.321193
0.331872
0.326665
0.315360
0.347516
0.316110
0.324594
0.317192
0.308797
0.314027
0.308078
0.316245
0.315839
0.318415
0.319406
0.313383
0.309756
0.322603
0.319609
0.317836
0.311535
0.317182
0.325743
0.315698
0.322834
0.310020
0.323424
0.316513
0.313752
0.308685
0.313204
0.313636
0.329022
0.325293
0.321768
0.307159
0.312506
0.324720
0.317714
0.315571
0.313405
0.322611
0.308871
0.320594
0.314875
0.317381
0.323677
0.307241
0.312581
0.313262
0.322134
0.324395
0.319559
0.346327
0.312713
0.321288
0.314509
0.314857
0.311258
0.324366
0.317665
0.311930
0.324417
0.325556
0.316120
0.316219
0.310007
0.314799
0.315348
0.306863
0.331633
0.305719
0.309246
0.331428
0.324997
0.312377
0.322423
0.317301
0.325356
0.312121
0.305267
0.323405
0.318500
0.310238
0.308870
0.327997
0.320459
0.315977
0.307317
0.307167
0.312678
0.303207
0.322417
0.312625
0.309249
0.306731
0.322084
0.318486
0.340593
0.310143
0.315783
0.312616
0.315192
0.318910
0.328482
0.328837
0.330321
0.326399
0.306463
0.320814
0.310288
0.327495
0.312544
0.335646
0.317139
0.313694
0.319108
0.313078
0.322662
0.315967
0.311885
0.308098
0.315713
0.328942
0.316330
0.315981
0.307027
0.313948
0.319998
0.320090
0.326580
0.321729
0.308984
0.317063
0.350434
0.314643
0.310041
0.318215
0.316447
0.312961
0.325244
0.309208
0.304764
0.322591
0.316213
0.323235
0.325141
0.330577
0.319382
0.338782
0.334986
0.307105
0.336572
0.315875
0.316542
0.327312
0.307486
0.315906
0.319173
0.321570
0.322992
0.312858
0.309458
0.319281
0.322994
0.309501
0.327778
0.312918
0.307340
0.316513
0.314805
0.318497
0.314259
0.305759
0.311799
0.308492
0.311740
0.322000
0.327622
0.314915
0.326201
0.317029
0.324083
0.308268
0.314398
0.307753
0.312636
0.311508
0.312258
0.322297
0.333683
0.321975
0.323973
0.316835
0.317986
0.306640
0.307547
0.307652
0.323903
0.308728
0.315636
0.312923
0.337072
0.316031
0.319681
0.326859
0.315960
0.314808
0.311881
0.314267
0.314995
0.311558
0.322959
0.314983
0.318517
0.320016
0.327945
0.322961
0.313771
0.314302
0.324989
0.352794
0.317545
0.316452
0.316192
0.308957
0.309878
0.315153
0.311168
0.385432
0.319805
0.310813
0.327352
0.318288
0.312559
0.333971
0.318485
0.313577
0.312494
0.328997
0.316117
0.310192
0.321230
0.327316
0.321358
0.312869
0.311096
0.317506
0.312297
0.317870
0.340621
0.329105
0.315713
0.314230
0.351219
0.332358
0.309899
0.311319
0.315769
0.313874
0.310157
0.326670
0.313108
0.313798
0.313207
0.313602
0.319397
0.334056
0.328501
0.315775
0.318052
0.365848
0.326616
0.322370
0.317609
0.329050
0.312212
0.319477
0.313670
0.320493
0.309731
0.325124
0.321011
0.310100
0.322228
0.329037
0.310707
0.317086
0.328403
0.321242
0.317074
0.312084
0.313086
0.322730
0.322614
0.326130
0.306565
0.318342
0.316768
0.316030
0.328701
0.322045
0.306098
0.323886
0.307630
0.320156
0.312156
0.317896
0.320435
0.325753
0.323751
0.317725
0.335707
0.309016
0.311471
0.328534
0.319166
0.308747
0.325681
0.314852
0.340929
0.338122
0.313304
0.320012
0.324148
0.305668
0.316624
0.323732
0.310421
0.332126
0.310673
0.311373
0.317245
0.320861
0.313777
0.309571
0.332488
0.309442
0.320150
0.316789
0.332272
0.316202
0.326437
0.323076
0.308461
0.314733
0.313715
0.326730
0.313573
0.322587
0.316854
0.318892
0.318451
0.324991
0.312029
0.312139
0.313531
0.317152
0.324544
0.323452
0.322634
0.317477
0.314466
0.310907
0.335848
0.314875
0.311935
0.326216
0.307015
0.318372
0.315665
0.310541
0.312762
0.313773
0.312829
0.316286
0.326231
0.310980
0.324405
0.307890
0.330103
0.319424
0.312557
0.318926
0.313440
0.309975
0.315302
0.324332
0.317219
0.312575
0.308419
0.329607
