0.782919
0.627558
0.364878
0.427979
0.589820
0.426170
0.245859
0.323635
0.314028
0.209658
0.202789
1.012338
0.273108
0.198821
0.517413
0.510995
0.719273
0.445420
0.570019
0.815203
0.458526
0.195487
0.147238
0.407949
0.252055
0.737418
1.183158
0.748388
0.240150
0.388157
0.495046
0.433008
0.376566
0.535241
0.200401
0.903058
0.531013
0.365375
0.608595
0.549083
0.260801
0.309686
0.320781
0.274864
0.407344
0.245330
0.286816
0.501238
0.310185
0.393561
0.381428
0.500524
0.326377
0.499166
0.718472
0.613985
0.569209
0.213186
0.399280
0.711298
0.269161
0.809926
0.214613
0.384074
0.298339
0.437398
0.630196
0.300318
0.290867
0.265162
0.487442
0.635477
0.745702
1.042946
0.454697
0.253282
0.875225
0.241203
0.261994
0.552568
0.263457
0.771400
0.514204
0.625399
0.336577
0.595754
0.854323
0.146705
0.351196
0.518931
0.699589
0.465348
0.607450
0.657584
0.362559
0.323943
0.139430
0.234209
0.293394
0.452934
0.283710
0.581078
0.253126
0.499624
0.469419
0.589395
0.186574
0.482715
0.259689
0.451971
0.436379
0.777947
1.070827
0.268295
0.335778
0.439543
0.705034
0.711541
0.408270
0.345784
0.432591
0.456472
0.373377
0.282858
0.664394
0.708961
0.299118
0.273591
0.253790
0.957505
0.692125
0.329948
0.386296
0.553106
0.234361
0.446330
0.657368
0.243585
1.120542
0.196947
0.193463
0.508767
0.238876
0.778391
0.626056
0.589892
0.166531
0.541421
0.178917
0.531043
0.578762
1.321642
0.268916
0.707555
0.492185
0.358580
0.643095
0.873080
0.335535
0.397376
0.572629
0.393161
0.294715
0.406666
0.423386
0.352605
0.170367
0.206317
0.424707
0.576540
0.342384
0.305795
0.601747
0.198269
0.531426
0.459761
1.091389
0.736907
0.658948
0.637852
0.345954
0.416042
0.307952
0.283775
1.010442
0.187523
0.276483
0.471408
0.241904
0.277840
0.583860
0.398048
0.524033
0.363450
0.206161
0.193899
0.541063
0.609836
0.264313
0.332019
0.406027
0.186703
0.241290
0.349210
0.437001
0.651782
0.600227
0.222309
0.566336
0.572044
0.591238
0.458118
0.887802
0.282085
0.673257
0.267749
0.580524
0.511844
0.252662
0.518837
0.186346
1.021517
0.338798
0.154587
0.729098
0.536494
0.299553
0.220154
0.519817
0.255277
0.227228
0.373103
0.345611
0.618758
0.344414
0.511326
0.243061
0.245342
1.072730
0.229216
0.337174
0.789832
0.239753
0.248204
0.608321
0.916266
0.534185
0.190409
0.481328
0.683266
0.227088
0.721901
0.277290
0.509392
0.486552
0.339793
0.617420
0.383571
1.040566
0.709645
0.159691
0.413402
0.242012
0.358916
0.658778
0.657797
0.991579
0.298656
0.238753
0.488742
0.461995
0.362402
0.359278
0.380430
0.586751
0.470804
0.703772
0.231387
0.423917
0.795773
0.670573
0.497351
0.222713
0.599946
0.268714
0.657900
0.156073
0.362048
0.352211
0.173083
0.181410
0.702497
0.192884
0.572892
0.274865
0.736499
0.349247
0.950551
0.557975
0.869022
0.375257
0.230045
0.326994
0.236475
0.313465
0.610373
0.259981
0.814158
0.357677
0.281961
0.955018
0.299334
0.321006
0.835938
0.577516
0.229419
0.561745
0.248239
0.498977
0.676799
0.614145
0.548321
0.442641
0.568070
0.808714
0.255081
0.941871
0.335659
0.204558
0.138587
0.455044
0.809447
0.637426
0.357804
0.249179
0.495213
0.402303
0.766734
0.478155
0.305785
0.465806
0.367524
0.524388
0.236318
0.371926
0.168357
1.031901
0.693596
0.335701
0.273108
0.317749
0.910543
0.384159
0.269095
0.447332
0.254708
0.191436
0.192852
0.294091
0.419552
0.359408
0.270735
0.662567
0.833556
0.541074
0.253351
0.437490
0.207097
0.165203
0.436870
0.431222
0.606333
0.334023
0.551265
0.252789
0.162682
0.779317
0.517730
0.328757
0.320901
0.904565
0.338764
0.187338
0.223443
0.344748
0.715877
0.391279
0.344568
0.357271
0.536903
1.136433
0.365342
0.255284
0.490609
0.821415
0.374258
0.337219
0.260191
0.251415
0.406824
0.197432
0.543684
0.325658
0.449464
0.371587
0.357881
0.296422
0.613017
0.201348
0.287709
1.374963
0.597070
0.318309
0.456132
0.269916
0.765273
0.290759
0.381610
0.423206
0.315127
0.708232
0.948390
0.466853
0.303820
0.612109
0.180740
0.494574
0.235359
0.587510
0.846701
0.391340
0.371535
0.273702
0.198056
0.410374
0.451205
0.161819
0.324787
0.378927
0.546722
0.347723
0.254316
0.462543
0.333687
1.409148
0.604428
0.362322
0.431681
0.913053
1.083983
0.437185
0.344935
0.498114
0.566579
0.683714
0.535775
0.286895
0.188849
0.738810
0.329289
0.398896
0.298395
0.559279
0.353257
0.208918
0.413965
0.620599
0.208813
0.309463
0.447964
0.426799
0.447194
0.442625
0.238440
0.382966
0.184451
0.726793
0.393199
0.332587
0.740722
0.419740
0.363889
0.425306
0.481937
0.358437
0.529007
0.459135
0.306150
0.260060
0.623522
0.422322
0.187580
0.368136
0.620822
0.521292
0.251888
0.532089
0.597223
0.242263
0.881086
0.377381
0.309363
0.647134
0.754572
0.180769
0.275738
0.455108
0.209210
0.565436
0.302189
0.330152
0.392526
0.433974
0.594432
0.309053
0.212796
0.469875
0.583704
0.298821
0.662752
0.264199
0.281979
0.296893
0.374845
0.262959
0.453006
0.201986
0.292072
0.247095
0.258436
0.357250
0.519561
0.664106
0.556099
0.457954
0.448138
0.346747
0.629802
0.422813
0.215672
0.629354
0.274006
0.443686
0.225423
0.261523
1.238209
0.363102
0.476596
0.230092
0.476532
0.455881
0.357804
1.028264
0.441739
0.514000
0.391676
0.273734
0.247772
0.539819
0.455258
0.343301
0.402747
0.347300
0.513319
0.236913
0.413110
0.204955
0.927728
0.601556
0.497454
0.486790
0.714056
0.213600
0.398068
0.612924
0.220359
0.741301
0.635249
0.375538
0.697114
0.256453
0.134502
0.446639
0.506316
0.294674
0.392887
0.203768
0.291850
0.574636
0.659520
0.688509
0.482129
0.210864
0.547143
0.238952
0.638356
0.268912
0.593115
0.227928
0.421848
1.270371
0.305235
0.736519
0.714974
0.944236
0.261734
0.593625
0.328807
0.458926
0.264010
0.416747
0.681414
0.559087
0.174313
0.820555
0.615721
0.273750
0.204529
0.358999
0.649282
0.429872
0.609387
0.571328
0.188973
0.289345
0.438623
0.302971
0.293458
0.976809
0.217227
0.366740
0.278125
0.797794
0.797097
0.363085
0.429709
0.923646
0.168104
0.278997
0.872346
0.572043
0.220762
0.303261
0.717016
0.618677
0.311451
0.984941
0.381238
0.280343
0.694239
0.478891
0.297075
0.495042
0.320154
0.536956
0.618106
1.341578
0.463468
0.268349
0.373287
0.445659
0.339093
0.487905
0.202600
0.934122
0.343019
0.344914
0.229890
0.288472
0.594590
0.240875
0.736535
0.562148
0.330229
0.726508
0.393090
0.342862
0.842984
0.373606
0.845568
0.324697
0.412390
0.733442
0.303597
0.575935
0.630517
0.428106
0.376119
0.353058
0.520886
0.485628
0.456581
0.469644
0.559392
0.403602
0.288869
0.280017
0.535488
0.995636
0.350965
0.776069
0.514910
0.535796
0.346036
0.338014
0.498441
0.173575
0.367359
0.358388
0.416646
0.464774
0.337710
0.230299
0.473155
0.345662
0.815374
0.234578
0.479977
0.408415
0.450218
1.016467
0.370736
0.373725
0.263089
0.394141
0.271253
0.487106
0.648550
0.307370
0.384991
1.065965
0.334601
0.296808
0.496213
0.615071
0.216877
0.331568
0.381659
0.485307
0.304881
0.697687
0.244617
0.280884
0.327968
0.647637
0.539258
1.111709
0.293008
0.271184
0.804032
0.321959
0.343130
0.406187
0.423296
0.330109
0.729610
0.244644
0.175993
0.543656
0.612692
0.654157
0.244087
0.300530
0.384788
0.527219
0.735125
0.635549
0.393353
0.318539
0.346158
0.397399
0.471935
0.693214
0.379097
0.388914
0.297119
0.845836
0.322783
0.322010
0.238766
0.724380
0.540372
0.477236
0.882392
0.397811
0.458787
0.237866
0.455289
0.491379
0.476955
0.719105
0.446671
0.266609
0.342238
0.230510
0.642981
0.357190
0.208132
0.232389
0.157753
0.448730
0.679762
0.270543
0.878461
0.423591
0.187965
0.964934
0.382168
0.532520
0.639853
0.395440
0.640409
0.642232
0.308422
0.633899
0.794709
0.427808
0.671032
0.389804
0.640115
0.407197
0.258950
0.572814
0.880750
0.523150
0.789223
0.575476
0.537290
0.383258
0.417483
0.326320
0.285339
0.209906
0.790765
0.155401
0.467587
0.680412
0.168051
0.375638
0.748933
0.527564
0.275933
0.151828
0.243120
0.788938
0.385335
0.290351
0.322942
0.318341
0.616772
0.288272
0.325709
0.349446
0.474297
0.902717
0.228199
0.577003
0.235909
0.810940
1.182425
0.296150
0.216235
0.414205
0.569415
0.762383
0.402732
0.597189
0.799195
0.441102
0.378792
0.320030
0.560410
0.484915
0.555682
0.477520
0.331174
0.301631
0.283562
0.553334
0.204167
0.195463
0.280534
0.231328
0.440595
0.422315
0.414674
0.325721
0.308731
0.399141
0.371872
0.321153
0.460775
0.340410
0.535058
0.299614
0.460263
0.445098
0.318550
0.766766
0.569596
0.722373
0.601672
0.368704
0.535231
0.267729
1.071229
0.528892
0.224998
0.354416
0.409775
0.738814
0.271668
0.415731
0.561530
0.322042
0.421554
0.263093
0.802906
0.468884
0.305239
0.583799
0.306228
0.260821
0.568632
0.407833
0.359023
0.287207
0.350026
0.449630
1.057179
0.507963
0.531922
0.419376
0.371679
0.550635
0.444687
0.238164
0.529576
0.242577
0.469249
0.289902
0.213247
0.367648
0.563235
0.226607
0.388927
0.696173
0.566833
0.574196
0.209680
0.531777
0.541840
0.774436
0.388889
0.406223
0.390525
0.556684
0.549339
0.242723
0.413778
0.334117
0.327698
0.218736
0.205721
0.725434
0.368016
0.395668
0.824298
0.228448
0.463130
0.296013
0.310772
0.510160
0.479401
0.193185
0.509113
0.155209
0.206180
0.460508
0.585760
0.426831
0.709176
0.515999
0.561831
0.300564
1.508574
0.572011
0.754292
1.621891
0.357635
0.422990
0.328228
0.171057
0.454047
0.447822
0.379516
0.282434
0.225140
0.286851
0.409775
