0.000377
0.000367
0.000497
0.000384
0.000430
0.000377
0.000440
0.000388
0.000376
0.000434
0.000517
0.000383
0.000413
0.000375
0.000376
0.000395
0.000349
0.000369
0.000366
0.000365
0.000391
0.000359
0.000360
0.000370
0.000399
0.000508
0.000373
0.000376
0.000385
0.000985
0.000395
0.000385
0.000353
0.000404
0.000387
0.000387
0.000371
0.000959
0.000357
0.000372
0.000391
0.000381
0.000388
0.000404
0.000378
0.000369
0.000369
0.000394
0.000355
0.000357
0.000383
0.000405
0.000406
0.000352
0.000350
0.000382
0.000378
0.000369
0.000361
0.000430
0.000392
0.000393
0.000395
0.000370
0.000391
0.000392
0.000384
0.000354
0.000391
0.000383
0.000388
0.000381
0.000359
0.000408
0.000391
0.000377
0.000372
0.000361
0.000361
0.000364
0.000445
0.000373
0.000383
0.000382
0.000316
0.000448
0.000405
0.000477
0.000364
0.000368
0.000384
0.000397
0.000384
0.000385
0.000382
0.000383
0.000371
0.000386
0.000397
0.000370
0.000379
0.000392
0.000386
0.000371
0.000394
0.000378
0.000374
0.001342
0.000390
0.000389
0.000377
0.000377
0.000365
0.000389
0.000384
0.000375
0.000359
0.000376
0.000426
0.000373
0.000376
0.000374
0.000424
0.000371
0.000381
0.000363
0.000378
0.000371
0.000372
0.000398
0.000356
0.000370
0.000388
0.000381
0.000374
0.000385
0.000369
0.000369
0.000368
0.000370
0.000392
0.000368
0.000363
0.000388
0.000380
0.000390
0.000371
0.000386
0.000378
0.000376
0.000349
0.000394
0.000383
0.000376
0.000350
0.000380
0.000390
0.000380
0.000374
0.000371
0.000387
0.000383
0.000408
0.000374
0.000393
0.000378
0.000381
0.000407
0.000413
0.000429
0.000379
0.000382
0.000372
0.000377
0.000366
0.000388
0.000358
0.000362
0.000367
0.000360
0.000395
0.000363
0.000432
0.000380
0.000378
0.000373
0.000396
0.000363
0.000409
0.000385
0.000367
0.000382
0.000396
0.000399
0.000384
0.000370
0.000389
0.000394
0.000383
0.000849
0.000371
0.000361
0.000370
0.000410
0.000367
0.000384
0.000355
0.000365
0.000367
0.000378
0.000393
0.000391
0.000364
0.000368
0.000369
0.000390
0.000372
0.000385
0.000352
0.000468
0.000400
0.000376
0.000399
0.000378
0.000394
0.001254
0.000373
0.000416
0.000350
0.000374
0.000613
0.000373
0.000372
0.000369
0.000424
0.000342
0.000385
0.000732
0.000375
0.000372
0.000381
0.000376
0.000356
0.000362
0.000385
0.000388
0.000363
0.000371
0.000394
0.000367
0.000391
0.000392
0.000379
0.000385
0.000412
0.000372
0.000377
0.000404
0.000368
0.000398
0.000403
0.000395
0.000373
0.000381
0.000376
0.000376
0.000401
0.000382
0.000418
0.000389
0.000380
0.000370
0.000379
0.000386
0.000390
0.000371
0.000377
0.000394
0.000356
0.000398
0.000402
0.000378
0.000373
0.000353
0.000371
0.000388
0.000386
0.000373
0.000378
0.000372
0.000556
0.000403
0.000379
0.000378
0.000365
0.000372
0.000380
0.000388
0.000374
0.000419
0.000372
0.000372
0.000382
0.000402
0.000422
0.000368
0.000381
0.000366
0.000386
0.000362
0.000382
0.000384
0.000354
0.000391
0.000379
0.000368
0.000363
0.000381
0.000910
0.000368
0.000352
0.000393
0.000397
0.000390
0.000394
0.000459
0.000390
0.000370
0.000387
0.000377
0.000387
0.000588
0.000425
0.000376
0.000356
0.000371
0.000421
0.000370
0.000359
0.000363
0.000376
0.000358
0.000742
0.000369
0.000376
0.000388
0.000373
0.000390
0.000356
0.000370
0.000391
0.000384
0.000393
0.000388
0.000393
0.000362
0.000380
0.000377
0.000383
0.000399
0.000392
0.000378
0.000367
0.000377
0.000374
0.000364
0.000681
0.000387
0.000376
0.000380
0.000378
0.000385
0.000373
0.000386
0.000374
0.000394
0.000362
0.000392
0.000383
0.000406
0.000378
0.000387
0.000377
0.000376
0.000380
0.000380
0.000386
0.000423
0.000398
0.000395
0.000380
0.000390
0.000398
0.000371
0.000379
0.000374
0.000429
0.000397
0.000377
0.000384
0.000397
0.000384
0.000367
0.000424
0.000361
0.000352
0.000366
0.000381
0.000392
0.000349
0.000412
0.000371
0.000388
0.000370
0.000484
0.000373
0.000378
0.000401
0.000370
0.000376
0.000379
0.000375
0.000352
0.000369
0.000364
0.000362
0.000377
0.000471
0.000638
0.000397
0.000383
0.000370
0.000381
0.000367
0.000375
0.000392
0.000384
0.000352
0.000408
0.000432
0.000385
0.000383
0.000410
0.000403
0.000424
0.000363
0.000367
0.000383
0.000417
0.000380
0.000373
0.000374
0.000348
0.000368
0.000393
0.000379
0.000369
0.000371
0.000359
0.000731
0.000369
0.000381
0.000368
0.000383
0.000353
0.000380
0.000430
0.000381
0.000347
0.000367
0.000366
0.000395
0.000377
0.000392
0.000394
0.000365
0.000374
0.000375
0.000382
0.000384
0.000392
0.000371
0.000378
0.000379
0.000359
0.000387
0.000360
0.000354
0.000400
0.000375
0.000360
0.000471
0.000368
0.000397
0.000359
0.000383
0.000362
0.000382
0.000832
0.000364
0.000375
0.000369
0.000389
0.000375
0.000399
0.000364
0.000372
0.000536
0.000403
0.000384
0.000381
0.000365
0.000372
0.000366
0.000389
0.000392
0.000396
0.000374
0.000416
0.000371
0.000392
0.000417
0.000377
0.000368
0.000360
0.000353
0.000363
0.000386
0.000384
0.000358
0.000364
0.000409
0.000374
0.000389
0.000373
0.000387
0.000375
0.000477
0.000361
0.000442
0.000375
0.000379
0.000360
0.000365
0.000366
0.000413
0.000385
0.000374
0.000355
0.000374
0.000377
0.000368
0.000371
0.000379
0.000418
0.000364
0.000353
0.000390
0.000369
0.000442
0.000384
0.000384
0.000380
0.000426
0.000383
0.000384
0.000432
0.000384
0.000438
0.000374
0.000375
0.000453
0.000381
0.000367
0.000376
0.000373
0.000362
0.000410
0.000372
0.000387
0.000362
0.000385
0.000393
0.000374
0.000350
0.000379
0.000519
0.000370
0.000396
0.000387
0.000376
0.000379
0.000373
0.000409
0.000389
0.000355
0.000359
0.000361
0.000364
0.000391
0.000373
0.000365
0.000353
0.000373
0.000408
0.000401
0.000358
0.000386
0.000423
0.000393
0.000360
0.000374
0.000384
0.000378
0.000384
0.000387
0.000686
0.000364
0.000369
0.000373
0.000365
0.000368
0.000386
0.000364
0.000368
0.000369
0.000418
0.000381
0.000366
0.000360
0.000379
0.000360
0.000381
0.000358
0.000374
0.000385
0.000373
0.000382
0.000392
0.000368
0.000370
0.000372
0.000398
0.000397
0.000391
0.000364
0.001323
0.000399
0.000382
0.000384
0.000371
0.000702
0.000391
0.000381
0.000409
0.000362
0.000424
0.000417
0.000362
0.000373
0.000381
0.000382
0.000374
0.000361
0.000376
0.000375
0.001370
0.000382
0.000406
0.000370
0.000364
0.000391
0.000371
0.000374
0.000400
0.000366
0.000367
0.000373
0.000366
0.000358
0.000365
0.000384
0.000364
0.000371
0.000364
0.000395
0.000424
0.000382
0.000342
0.000387
0.000373
0.000367
0.000375
0.000365
0.000367
0.000374
0.000362
0.000381
0.000374
0.000367
0.000366
0.000448
0.000373
0.000608
0.000375
0.000367
0.000356
0.000376
0.000396
0.000395
0.000371
0.000371
0.000383
0.000366
0.000368
0.000398
0.000403
0.000394
0.000376
0.000369
0.000358
0.000382
0.000380
0.000362
0.000371
0.000372
0.000383
0.000386
0.000368
0.000387
0.000388
0.000454
0.000404
0.000379
0.000399
0.000456
0.000373
0.000427
0.000372
0.000375
0.000374
0.000358
0.000375
0.000398
0.000357
0.000380
0.000367
0.000385
0.000364
0.000366
0.000394
0.000366
0.000396
0.000436
0.000416
0.000371
0.000370
0.000382
0.000367
0.000365
0.000373
0.000397
0.000380
0.000368
0.000359
0.000376
0.000361
0.000377
0.000386
0.000370
0.000376
0.000377
0.000439
0.000383
0.000378
0.000369
0.000355
0.000363
0.000368
0.000376
0.000375
0.000762
0.000367
0.000885
0.000372
0.000359
0.000357
0.000461
0.000376
0.000344
0.000371
0.000371
0.000372
0.000386
0.000434
0.000368
0.000346
0.000392
0.000383
0.000348
0.000393
0.000379
0.000392
0.000371
0.000379
0.000368
0.000378
0.000360
0.000542
0.000532
0.000430
0.000382
0.000347
0.000389
0.000363
0.000355
0.000381
0.000368
0.000370
0.000388
0.000390
0.000380
0.000364
0.000395
0.000398
0.000382
0.000368
0.000403
0.000388
0.000381
0.000382
0.000374
0.000374
0.000364
0.000383
0.000387
0.000376
0.000383
0.000366
0.000415
0.000392
0.000422
0.000398
0.000359
0.000390
0.000378
0.000393
0.000368
0.000361
0.000365
0.000394
0.000366
0.000381
0.000379
0.000363
0.000347
0.000372
0.000377
0.000383
0.000415
0.000383
0.000364
0.000385
0.000388
0.000381
0.000366
0.000367
0.000362
0.000356
0.000370
0.000364
0.000373
0.006955
0.000367
0.000362
0.000375
0.000366
0.000376
0.000372
0.000390
0.000368
0.000367
0.000385
0.000359
0.000366
0.000364
0.000381
0.000388
0.000369
0.000448
0.000377
0.000390
0.000370
0.000385
0.000399
0.000387
0.000367
0.000375
0.000387
0.000367
0.000436
0.000403
0.000497
0.000371
0.000386
0.000376
0.000370
0.000366
0.000539
0.000396
0.000379
0.000396
0.000385
0.000373
0.000390
0.000361
0.000373
0.000380
0.000370
0.000368
0.000383
0.000394
0.000384
0.000375
0.000377
0.000483
0.000376
0.000374
0.000406
0.000409
0.000375
0.000383
0.000771
0.000376
0.000391
0.000770
0.000352
0.000356
0.000377
0.000355
0.000382
0.000387
0.000384
0.000377
0.000390
0.000403
0.000487
0.000413
0.000377
0.000389
0.000367
0.000373
0.000384
0.000389
0.000377
0.000396
0.000385
0.000387
0.000373
0.000364
0.000385
0.000490
0.000381
0.000372
0.000362
0.000376
0.000357
0.000490
0.000368
0.000396
0.000374
0.000360
0.000359
0.000354
0.000364
0.000373
0.000344
0.000366
0.000434
0.000363
0.000358
0.000370
0.000376
0.000417
0.000390
0.000391
0.000370
0.000373
0.000375
0.000453
0.000359
0.000386
0.000371
0.000405
0.000750
0.000364
0.000380
0.000387
0.000404
0.000372
