0.984551
1.005784
1.001225
0.967325
0.982017
0.954784
0.976402
0.987711
1.022413
0.975609
0.966777
0.970725
0.979323
0.990882
0.984940
0.982478
0.981518
0.952474
0.967332
0.971179
0.960911
1.007395
0.981756
0.961587
0.996379
0.963553
0.967526
0.974925
0.957746
0.961331
0.956780
0.963991
0.971501
0.982890
0.980125
0.966897
0.972202
0.970834
0.972046
0.997253
0.933688
0.970214
0.954213
0.984295
0.948844
0.970418
0.994340
0.936541
0.980028
0.962433
0.953506
0.949784
0.974145
0.943161
0.975139
0.969636
0.961957
0.979758
0.985902
0.986515
0.979989
0.978663
0.953538
0.963882
0.942238
0.968767
0.957353
0.977678
0.958800
0.951389
0.957508
0.955974
0.975255
1.036142
0.959637
0.978168
0.957768
0.976181
0.976645
0.964858
0.960756
0.999897
0.954432
0.990219
0.987375
0.976362
0.950566
0.959885
0.980816
0.966261
0.959346
0.956023
0.984535
0.963457
0.952564
0.977935
0.956726
0.973511
0.966428
0.961800
