0.658645
0.668039
0.681091
0.642532
0.651191
0.639634
0.647930
0.663881
0.679502
0.646194
0.642908
0.651273
0.634967
0.657408
0.650778
0.664193
0.636445
0.640391
0.645511
0.639209
0.647174
0.680947
0.655858
0.638679
0.650041
0.643522
0.653598
0.655184
0.642661
0.648968
0.640058
0.645252
0.648172
0.665762
0.656358
0.631833
0.648804
0.644661
0.644866
0.675690
0.625461
0.646625
0.640896
0.657818
0.634376
0.654020
0.658855
0.628593
0.652725
0.646237
0.641306
0.637806
0.661573
0.630657
0.653408
0.661985
0.641438
0.657915
0.648596
0.660345
0.658836
0.663095
0.637034
0.632092
0.634359
0.648775
0.639934
0.647985
0.645882
0.641254
0.621714
0.637178
0.642061
0.701220
0.642397
0.660988
0.637588
0.657724
0.650852
0.645339
0.648998
0.653922
0.645285
0.660620
0.656629
0.654945
0.630356
0.639321
0.659244
0.654264
0.646033
0.640823
0.667909
0.639314
0.632762
0.652845
0.637510
0.642982
0.648995
0.640475
