0.310146
0.323235
0.306445
0.311892
0.318708
0.303099
0.317922
0.313495
0.332373
0.319537
0.314170
0.309990
0.334427
0.324041
0.324746
0.308752
0.335621
0.302382
0.312442
0.322430
0.303997
0.316274
0.315707
0.313537
0.336727
0.310190
0.304400
0.310388
0.305473
0.302439
0.306217
0.309188
0.313892
0.307559
0.314138
0.325682
0.313837
0.316552
0.316989
0.311745
0.298811
0.313466
0.303458
0.316479
0.304921
0.306907
0.325698
0.297983
0.316993
0.305179
0.301524
0.302413
0.302875
0.302646
0.312210
0.297288
0.310959
0.312171
0.327183
0.311178
0.311619
0.305833
0.306479
0.322123
0.298530
0.307090
0.307934
0.319727
0.303402
0.300558
0.316328
0.309038
0.323890
0.324214
0.307760
0.307407
0.309891
0.308915
0.313563
0.309972
0.301939
0.336609
0.299608
0.320014
0.320029
0.311980
0.310665
0.311015
0.311978
0.302157
0.303753
0.305431
0.306917
0.314624
0.310198
0.315623
0.309883
0.320990
0.307999
0.311762
