0.307770
0.320926
0.304095
0.309413
0.316203
0.300704
0.315590
0.311137
0.328921
0.317049
0.311894
0.307720
0.332142
0.321396
0.322346
0.306445
0.333282
0.300002
0.310123
0.319092
0.301597
0.313311
0.312484
0.311203
0.334405
0.307728
0.302091
0.307677
0.303091
0.300109
0.303904
0.306837
0.311563
0.305248
0.311715
0.323316
0.311484
0.314259
0.314674
0.309290
0.296541
0.310526
0.301089
0.314130
0.302847
0.304513
0.323335
0.295640
0.314624
0.301536
0.298801
0.300136
0.300611
0.300235
0.309932
0.294963
0.308599
0.309855
0.324824
0.308807
0.309314
0.303435
0.304139
0.319753
0.296219
0.304554
0.305505
0.317027
0.301006
0.298223
0.314022
0.306716
0.321622
0.321728
0.305480
0.305073
0.307267
0.306529
0.311227
0.307712
0.299635
0.334194
0.297175
0.317569
0.317716
0.309376
0.308262
0.308730
0.309663
0.299885
0.301414
0.303090
0.304634
0.312194
0.307790
0.313130
0.307492
0.318597
0.305642
0.309472
