0.192432
0.682675
0.320319
0.251222
0.351917
0.223738
0.396435
0.428454
1.047304
0.211589
0.256392
0.245593
1.049704
0.773957
0.632525
0.554399
0.333539
0.403447
0.287241
0.808660
0.360730
0.198862
0.369017
0.635595
0.261245
0.259150
0.211410
0.303592
0.358838
0.250597
0.241723
0.343292
0.170361
0.483772
0.471270
0.429557
0.323075
0.553486
0.252905
0.474047
0.286635
0.259241
0.406675
0.342962
0.546042
0.234889
0.358493
0.264015
0.419727
0.403116
0.265102
0.551989
0.501812
0.309353
0.774582
1.604575
0.265425
0.301360
0.310971
0.338612
0.297169
0.442500
0.305831
0.267767
0.623337
0.295672
0.494593
0.574109
0.148816
0.523036
0.221658
0.431555
0.994944
0.307299
0.512186
0.268352
0.737934
0.421405
0.646111
0.330921
0.595644
0.249009
0.395073
0.498716
0.370824
0.414538
0.559509
0.433342
0.881392
0.300752
0.346009
0.448157
0.208506
0.592461
0.645460
0.286057
0.450679
0.568520
0.863752
0.638058
