0.170992
0.262841
0.658187
0.197074
0.201002
0.454546
0.670765
0.216695
0.353851
0.429877
0.722883
0.742059
0.310090
0.273587
0.379906
0.553225
0.600500
0.399866
0.236364
0.650573
0.234777
0.563287
0.213101
0.289463
0.333239
0.307873
0.180611
0.258520
0.301822
0.662677
0.539067
0.235876
0.274461
0.857519
0.565257
0.219924
0.226913
0.438527
0.591065
0.461196
0.856206
0.538035
0.299431
0.463532
0.302422
0.260991
0.308643
0.593340
0.271294
0.270373
0.479408
0.369793
0.384662
0.394161
0.568162
0.251809
0.253818
0.474004
0.499399
0.412302
0.560545
0.483726
0.259406
0.441794
0.189247
0.587844
0.367646
0.352508
0.404609
0.753878
1.220618
0.152042
0.345847
0.754867
0.857721
0.783243
0.172665
0.462578
0.360808
0.344396
0.362208
0.285244
0.201169
0.251177
0.875536
0.403250
0.520847
0.312722
0.255596
0.238893
0.904412
0.421016
0.604231
0.277456
0.383492
0.498935
0.297695
0.161674
0.247646
0.265375
0.675499
0.556796
0.577746
0.544783
0.426096
1.121552
0.565160
0.315679
0.551117
1.199160
0.391666
0.376803
0.292279
0.233058
0.649413
0.249198
0.484290
0.483384
0.174204
0.190710
0.593912
0.377565
0.875169
0.374025
0.367161
0.234437
1.072184
0.328560
0.475788
0.629382
0.208779
0.254742
0.762238
0.218919
0.522488
0.283194
1.164884
0.195426
0.312444
0.248118
0.675476
0.523799
0.221567
0.324913
0.615126
1.072758
0.236519
0.195398
0.813892
0.347387
0.396098
0.429228
0.778013
0.588007
1.124600
0.617711
0.538469
0.320608
0.565193
0.491681
0.660768
0.436384
0.310120
0.481637
0.250665
0.201087
0.179913
0.505132
0.394410
0.391355
0.569204
0.282835
0.362979
0.282111
0.406583
0.431174
0.450424
0.307647
0.863906
0.437983
0.322731
0.772643
1.055011
0.408749
0.321921
0.621333
0.305122
0.308832
0.597774
0.509289
0.420237
1.884159
0.884073
1.044757
0.255188
1.185354
0.231925
0.295784
0.323058
0.344070
0.194919
0.920327
0.205566
0.425577
0.237310
0.244366
0.598948
0.216120
0.463469
0.565899
0.323415
0.302080
0.576162
0.469153
0.618069
0.198835
0.519674
0.289460
0.479959
0.681705
0.334151
0.224377
0.424873
0.622181
0.292045
0.162183
0.182096
0.479913
0.387676
0.795200
0.227475
0.493578
0.429846
1.008299
0.587342
0.391052
0.381101
0.173599
0.708822
0.766015
0.410105
1.244557
0.828066
0.282749
0.356537
0.327657
0.218990
1.111483
0.627918
0.897301
0.961072
0.616073
0.536598
0.596788
0.572332
0.705467
0.405452
0.380645
0.362845
0.382946
0.332238
0.591529
0.436450
0.245339
0.312284
0.636368
0.345062
1.268998
0.324274
0.539911
0.414782
0.393192
0.475310
0.676719
0.539972
0.463596
0.932639
0.446821
0.976565
0.344437
0.321625
0.499410
0.395987
0.753395
0.478533
1.284227
0.518993
0.195994
1.128079
0.286321
0.660450
0.487905
0.612153
1.145312
0.272999
0.170030
0.246720
0.565866
0.153079
0.259673
0.166603
1.110835
0.369904
0.193054
0.185662
0.592578
0.169367
0.253299
0.408047
0.290235
0.176562
0.562056
0.380792
0.262114
0.513414
0.332478
0.243300
0.412260
0.208315
0.212875
1.000349
0.308595
0.701606
0.423823
0.347740
0.573877
0.603838
0.743655
0.396923
0.291884
0.310602
0.691743
0.216083
0.398948
0.709745
0.731810
0.450329
0.368634
0.912499
0.886136
0.850083
0.337852
0.613059
0.379508
0.381105
1.178295
0.345710
0.572800
0.674568
0.652702
0.789057
0.491404
0.630294
0.358970
0.360989
0.292772
0.387398
0.396898
0.278068
0.272434
0.655696
0.392619
0.445376
0.829569
0.233995
0.336109
0.318020
0.382994
0.287024
0.319038
0.510573
0.340340
0.207671
1.063268
0.318600
0.298189
0.656278
1.447127
0.185530
0.426284
0.439684
0.583592
0.577031
0.536745
0.612260
0.247263
0.252928
0.259472
0.582384
0.685234
0.357899
0.312005
0.277988
0.540007
0.409309
0.380601
1.085179
0.382561
0.518694
1.103418
0.519148
0.269821
0.490055
0.423967
0.309541
0.549237
0.393610
0.575520
0.667116
0.687709
0.534076
0.492847
0.735214
0.367655
0.486293
0.461323
0.259343
0.226214
0.404860
0.678298
0.535846
0.230094
0.312558
0.834293
0.634482
0.745757
0.300628
0.318930
0.246356
0.491133
0.397659
0.268636
0.541534
0.335926
0.217755
0.354491
0.588369
0.428146
0.434810
0.398038
0.481513
0.822723
0.293938
0.240024
0.307190
0.222360
0.475195
0.219051
0.746265
0.271907
0.549533
0.195466
0.275134
0.258805
0.461292
0.436808
0.304586
0.765387
0.315351
0.357515
0.365722
0.386748
0.215953
0.356321
0.770521
0.456120
0.383361
0.661802
0.836380
0.559911
0.736497
0.952874
0.457303
0.689072
0.537510
0.179281
0.159032
0.211761
0.473599
0.862475
0.656930
0.263027
0.219702
0.286317
0.285655
0.347675
0.330554
0.438043
0.192229
0.246230
0.226187
0.286308
1.032882
0.298343
0.493391
0.252502
0.154955
0.584713
0.690601
0.575495
0.531134
0.263062
0.541178
0.444475
0.482759
0.255738
0.426263
0.451608
0.668836
0.646976
0.239831
0.478114
0.341142
0.326637
0.556498
1.329649
1.126271
0.315529
0.288538
0.451252
0.731757
0.368208
0.821503
0.350744
0.422094
0.259398
0.767121
0.701154
0.757724
0.264024
0.411600
0.354308
0.249319
0.217141
0.628135
0.681377
0.483404
0.602854
0.339110
0.437939
0.356445
0.640189
0.381763
0.531674
0.378763
0.250438
0.206011
0.241424
0.286118
0.253564
0.719374
0.334028
0.529742
0.367374
0.833767
0.501885
0.386294
0.545713
0.585835
0.305242
0.552439
0.638456
0.438661
0.312812
0.295309
0.383981
0.266914
0.342724
0.961968
0.458270
0.205549
0.742203
0.730752
0.508523
0.680525
0.193114
0.527148
0.820245
0.295254
0.325894
0.354908
1.103809
0.415968
0.472163
0.470459
0.270337
0.461418
1.050803
0.410007
0.368148
0.420557
0.299335
0.688456
0.202054
0.207671
0.424838
0.722953
0.864261
0.598878
0.373612
0.251741
0.422160
0.968297
0.630224
0.998807
1.444213
0.285269
0.550616
0.308827
0.275553
0.372166
0.360082
0.627282
0.774985
0.621283
0.358022
0.392582
0.536241
0.419025
0.355915
0.218113
0.592834
0.353404
0.629988
0.459397
0.634096
0.487460
0.429469
0.391135
0.438852
0.677028
0.674324
0.230839
0.390778
0.818928
0.213080
0.847749
0.650620
0.590789
1.490865
0.443802
0.299320
0.443864
0.338353
0.480142
0.179798
0.643679
0.250139
0.505540
0.176006
0.614340
0.697865
0.386711
0.574454
0.505470
0.573590
1.530917
0.315810
0.297834
0.458968
0.475760
0.182867
0.373905
0.304712
0.329651
0.700079
0.187765
0.647048
0.468056
0.258483
0.702875
0.341509
0.727154
0.307923
0.529195
0.303080
0.163774
0.271978
0.361487
0.546348
0.437225
0.450061
0.307295
0.386720
0.329084
0.579391
1.052586
0.601852
0.157991
0.273959
0.392990
0.346907
0.255741
0.183825
0.724328
0.277212
0.524733
0.545813
0.419643
0.616380
0.747012
0.252909
0.461482
0.612424
0.340085
0.259878
0.401314
0.414396
0.610339
0.363688
0.214834
0.757699
0.454581
0.638080
0.496021
0.522712
0.580694
0.485637
0.463704
0.365501
0.362939
0.389179
0.500893
0.295035
0.379939
0.639356
0.555471
0.730979
0.988717
0.437323
0.487188
0.490789
1.107455
0.776992
0.765284
0.338755
0.498090
0.467434
0.357219
0.271103
0.429800
0.890152
0.363143
0.562954
0.331349
0.627962
0.672965
0.188241
0.563389
0.372847
0.139615
0.222293
0.672725
0.303206
0.213775
0.375767
0.402648
0.486698
0.325783
0.856839
0.730289
0.423347
0.324028
0.467202
0.197207
0.408567
0.976382
0.439690
0.397447
0.522246
0.402023
0.746371
0.347802
1.004068
0.300693
0.661927
0.732633
0.559315
0.296352
0.528330
0.267042
0.356303
0.461733
0.151243
0.495812
0.333892
0.338016
0.477766
0.461544
0.773976
0.257266
0.898839
0.723339
0.458564
0.832572
0.860641
0.340801
0.292964
0.535855
0.825891
1.004831
0.487521
0.329374
0.589644
0.424706
0.392070
0.200285
0.452380
0.403441
0.220655
0.773743
0.668574
0.257357
0.334558
0.332919
0.475019
0.939874
0.288320
0.214584
0.449025
0.300090
0.422031
0.501516
0.462072
0.505452
0.394528
0.186350
0.229883
0.386449
0.433619
0.603952
0.468187
0.505282
0.278630
0.406926
0.908928
0.392757
0.578496
0.323808
0.250973
0.688681
0.358541
0.537380
0.491184
0.371497
0.208628
0.325855
0.292014
0.659786
0.374063
0.671793
0.549438
0.485328
0.331687
0.733572
0.554262
1.347681
0.693682
0.325665
0.242032
0.658347
0.257120
0.219342
0.596587
0.972328
0.310448
0.594986
0.535560
0.440235
0.265253
0.177601
0.630324
0.550252
0.248280
0.532293
0.300033
0.430638
0.347314
0.308081
0.696951
0.508800
0.239593
0.254384
0.595781
0.762248
0.396081
0.471947
0.405865
0.417187
0.565347
0.815971
0.210060
0.586815
0.526317
0.439725
0.533786
0.639525
0.847681
0.239923
0.642072
0.510608
0.498347
0.331352
0.575281
0.367166
0.252512
0.609121
0.221435
0.335897
0.306227
0.173425
0.732172
0.839949
0.944952
0.299260
0.863190
0.278024
0.494258
0.210955
0.449974
0.223826
0.445908
0.201835
0.522679
0.197725
0.180104
0.250976
0.609213
0.714033
0.625372
0.330579
0.632876
0.363394
0.984071
0.192098
0.456276
1.532405
0.470897
0.447987
0.917037
0.290336
0.179691
0.556160
0.255371
0.920805
0.319805
0.539035
0.262605
0.567414
0.330927
0.484886
0.474570
0.691901
0.897954
1.211466
0.696649
0.323014
0.526368
0.235369
0.392143
0.319925
0.255850
0.455587
0.243856
0.650704
0.533618
0.167250
0.303557
0.226118
0.902513
0.983521
0.158199
0.245469
0.324137
0.303048
0.770669
0.620313
0.218933
0.213314
0.411506
0.357887
0.313186
0.442830
0.395236
0.334713
0.357237
0.257149
0.644050
1.129818
0.342942
1.055826
0.689533
0.576037
0.280653
0.232774
0.496253
0.152785
0.481040
0.195570
0.258809
