0.148776
0.155111
0.145413
0.144430
0.145739
0.146662
0.147539
0.154593
0.151377
0.144838
0.145819
0.146241
0.145639
0.143707
0.145978
0.145648
0.145114
0.145382
0.142327
0.149235
0.143360
0.149091
0.144617
0.147276
0.148433
0.149306
0.144459
0.152088
0.149536
0.148156
0.158159
0.147705
0.146630
0.153140
0.158741
0.150203
0.145305
0.154338
0.158974
0.149781
0.156568
0.143197
0.146098
0.144228
0.146067
0.156857
0.147951
0.145372
0.143121
0.142069
0.144969
0.148721
0.154498
0.147785
0.144783
0.148884
0.156380
0.145398
0.144295
0.153905
0.145972
0.146682
0.144809
0.147269
0.147343
0.144299
0.145272
0.147261
0.144826
0.145505
0.146499
0.141297
0.144979
0.146831
0.146497
0.142922
0.159682
0.143616
0.148669
0.144933
0.147600
0.154438
0.145580
0.143467
0.146814
0.144462
0.144880
0.150909
0.145347
0.148718
0.144821
0.143169
0.143907
0.148273
0.144996
0.148445
0.143761
0.144738
0.145695
0.154868
0.145944
0.146498
0.155699
0.143371
0.144323
0.144726
0.167780
0.147957
0.143567
0.146640
0.146273
0.154403
0.151372
0.148026
0.146735
0.146348
0.146747
0.144816
0.159634
0.158003
0.159797
0.146683
0.146233
0.145791
0.146720
0.145953
0.142600
0.145422
0.142467
0.144001
0.143806
0.146223
0.148015
0.146495
0.147398
0.147100
0.148075
0.145636
0.148936
0.150447
0.145084
0.146081
0.146824
0.149627
0.153504
0.149844
0.143879
0.144121
0.146663
0.143408
0.149091
0.160388
0.150911
0.141815
0.152250
0.147105
0.145654
0.153589
0.147276
0.144428
0.147822
0.147234
0.146421
0.152270
0.144532
0.148198
0.150017
0.157973
0.144397
0.148645
0.144260
0.154140
0.154956
0.145544
0.148038
0.143828
0.147337
0.149699
0.145595
0.146652
0.150184
0.147635
0.144396
0.148527
0.144702
0.144249
0.145015
0.143325
0.146546
0.144520
0.158613
0.152413
0.147213
0.150191
0.144919
0.145810
0.142090
0.147473
0.146338
0.142054
0.146592
0.144643
0.150510
0.154749
0.144237
0.151029
0.148337
0.146682
0.144870
0.150461
0.150726
0.150828
0.142730
0.148089
0.144697
0.152740
0.147242
0.146277
0.145003
0.147971
0.146898
0.147081
0.146401
0.144481
0.153251
0.159591
0.143520
0.153300
0.145129
0.143118
0.159317
0.144741
0.150940
0.157107
0.144492
0.141784
0.147774
0.144930
0.147128
0.145246
0.144636
0.150259
0.152837
0.150043
0.145308
0.159591
0.145291
0.147382
0.148334
0.145226
0.147915
0.151070
0.145719
0.152250
0.155696
0.148409
0.144763
0.144024
0.159760
0.157647
0.149078
0.144769
0.146933
0.153959
0.146793
0.144105
0.156776
0.148584
0.145227
0.153697
0.144308
0.151070
0.165387
0.152908
0.147192
0.141556
0.142870
0.155639
0.159102
0.143403
0.147501
0.148602
0.157404
0.142335
0.149331
0.152757
0.147610
0.158369
0.147721
0.143862
0.147876
0.147360
0.146589
0.151879
0.154274
0.149620
0.148252
0.142951
0.147263
0.155131
0.147728
0.159369
0.144336
0.143540
0.146742
0.146023
0.144281
0.153988
0.146866
0.146624
0.145744
0.143386
0.147195
0.145142
0.146925
0.151409
0.155664
0.142682
0.170499
0.145834
0.158029
0.145538
0.144575
0.145989
0.146816
0.144208
0.143821
0.144328
0.156897
0.146771
0.145024
0.156662
0.146996
0.144779
0.147990
0.146607
0.157411
0.144927
0.146426
0.143151
0.147909
0.146337
0.156818
0.147078
0.151416
0.144947
0.147118
0.146237
0.148326
0.145956
0.145269
0.166067
0.144040
0.149009
0.143940
0.148338
0.145249
0.146141
0.146724
0.146271
0.144363
0.147980
0.155164
0.146036
0.148595
0.146482
0.142672
0.145315
0.144026
0.144844
0.143472
0.142875
0.155492
0.154308
0.146675
0.146385
0.148344
0.147026
0.146034
0.151732
0.143288
0.144735
0.143219
0.149524
0.155860
0.147123
0.143943
0.158521
0.143065
0.143144
0.154702
0.148367
0.147776
0.155425
0.147411
0.145655
0.150693
0.146374
0.148586
0.143548
0.142858
0.148173
0.143695
0.163161
0.150655
0.142883
0.143987
0.145729
0.150892
0.146054
0.143346
0.153240
0.145821
0.146514
0.150885
0.156571
0.150928
0.154899
0.151407
0.154235
0.155078
0.147632
0.149898
0.159249
0.142389
0.145055
0.166713
0.143287
0.147662
0.146084
0.149879
0.143342
0.143015
0.145650
0.146327
0.145761
0.154694
0.145031
0.147777
0.151069
0.152166
0.146125
0.146593
0.151454
0.147142
0.144131
0.146251
0.147453
0.145178
0.143261
0.144999
0.146218
0.145722
0.145154
0.147227
0.151031
0.153422
0.145010
0.154309
0.146477
0.151025
0.148660
0.146342
0.154057
0.146114
0.145307
0.148104
0.166500
0.147905
0.154284
0.146110
0.163838
0.144768
0.143736
0.151107
0.146466
0.147562
0.152007
0.144797
0.147988
0.145702
0.147849
0.149008
0.144143
0.143879
0.146928
0.145274
0.153846
0.145496
0.153854
0.146111
0.144477
0.147416
0.145180
0.144597
0.146916
0.148526
0.142514
0.145743
0.147133
0.144305
0.145388
0.157882
0.145006
0.151311
0.142429
0.145540
0.150974
0.144100
0.144596
0.144917
0.142912
0.144702
0.162018
0.143351
0.144699
0.146072
0.146995
0.145159
0.146463
0.143826
0.149989
0.150688
0.153249
0.146353
0.143003
0.145608
0.169627
0.146934
0.144841
0.148528
0.148104
0.146896
0.143674
0.150689
0.144393
0.145047
0.145450
0.148170
0.164260
0.171754
0.154022
0.143994
0.147666
0.149343
0.141309
0.144689
0.148804
0.150492
0.144406
0.152024
0.146841
0.153682
0.145922
0.151959
0.150557
0.145834
0.144928
0.143616
0.146028
0.147271
0.186487
0.147516
0.142610
0.151636
0.148534
0.150425
0.145568
0.155864
0.159682
0.143760
0.144343
0.146926
0.145762
0.144902
0.145484
0.144876
0.146198
0.146218
0.149447
0.146074
0.146437
0.154002
0.145545
0.144367
0.145579
0.141415
0.145078
0.150265
0.153545
0.148269
0.147515
0.142955
0.152763
0.155270
0.151672
0.146003
0.149374
0.145370
0.145867
0.150070
0.150658
0.147211
0.141901
0.148299
0.142860
0.145965
0.150707
0.145497
0.152541
0.148609
0.147230
0.144255
0.146429
0.145606
0.141936
0.148976
0.148862
0.145633
0.146157
0.147063
0.148855
0.146340
0.149694
0.145433
0.143860
0.145348
0.146758
0.149008
0.158329
0.156175
0.144589
0.156995
0.145648
0.160264
0.145881
0.144857
0.150119
0.145715
0.151351
0.154530
0.145104
0.146736
0.147263
0.151209
0.147652
0.143731
0.157729
0.142912
0.146538
0.151501
0.145463
0.143410
0.146865
0.142716
0.143981
0.150598
0.145906
0.149438
0.146787
0.145178
0.152121
0.150084
0.146089
0.146952
0.160342
0.141823
0.163208
0.145380
0.143347
0.158140
0.147178
0.147137
0.152648
0.150589
0.146773
0.142413
0.144126
0.153923
0.142640
0.144254
0.146590
0.163174
0.146675
0.149592
0.145845
0.149900
0.151862
0.146660
0.153840
0.144629
0.146935
0.142935
0.147112
0.148394
0.146426
0.148356
0.144221
0.147645
0.145831
0.142583
0.147473
0.145525
0.141996
0.141606
0.143521
0.145184
0.148620
0.151974
0.149132
0.144756
0.151012
0.149231
0.141925
0.167523
0.145003
0.149774
0.158179
0.144875
0.144546
0.156335
0.144140
0.147902
0.154619
0.145872
0.143820
0.145871
0.144547
0.157810
0.153235
0.145101
0.146913
0.147103
0.153570
0.147021
0.146402
0.146062
0.147041
0.146946
0.154476
0.153992
0.144826
0.145479
0.150265
0.150886
0.144480
0.151756
0.145801
0.149930
0.147213
0.149883
0.149102
0.146218
0.151884
0.149633
0.163578
0.146843
0.158695
0.146995
0.151998
0.151244
0.154761
0.155292
0.143928
0.148879
0.146277
0.173524
0.154668
0.149700
0.149757
0.161121
0.146545
0.142682
0.151686
0.144683
0.145766
0.145591
0.145172
0.142201
0.146400
0.146957
0.143276
0.143930
0.147440
0.144310
0.144471
0.149353
0.143298
0.145410
0.160238
0.148703
0.148194
0.152467
0.144610
0.148722
0.154112
0.148702
0.159551
0.152628
0.182842
0.156639
0.147353
0.144417
0.146969
0.146119
0.147770
0.146519
0.145314
0.146584
0.150855
0.142059
0.145457
0.154112
0.149819
0.146766
0.143345
0.150133
0.144941
0.152400
0.151963
0.149400
0.149829
0.144314
0.144958
0.147958
0.143969
0.143568
0.145644
0.151919
0.147693
0.146010
0.145041
0.144196
0.145221
0.153730
0.146595
0.145564
0.148298
0.152652
0.144761
0.161906
0.149616
0.141590
0.146790
0.146859
0.144728
0.161990
0.148972
0.146938
0.145677
0.145472
0.147217
0.144352
0.149352
0.146529
0.148183
0.146046
0.149072
0.149693
0.145380
0.144386
0.145792
0.146173
0.147726
0.150874
0.153485
0.144429
0.150788
0.150082
0.145054
0.147961
0.149218
0.147558
0.149587
0.152665
0.161884
0.143657
0.149453
0.151015
0.150417
0.147072
0.148752
0.149214
0.152135
0.144942
0.144590
0.144022
0.143847
0.147001
0.146194
0.146539
0.145683
0.145845
0.158555
0.153853
0.144146
0.144451
0.163675
0.162963
0.145677
0.143588
0.150931
0.150349
0.148762
0.150404
0.152172
0.148248
0.143787
0.153816
0.153324
0.152129
0.149216
0.148735
0.147475
0.144370
0.148229
0.156101
0.158236
0.153346
0.156655
0.153709
0.154121
0.151910
0.146775
0.147958
0.149393
0.145639
0.146610
0.147179
0.146803
0.143727
0.166457
0.144062
0.149498
0.142050
0.147666
0.145253
0.154889
0.151723
0.147229
0.146366
0.145932
0.147297
0.145378
0.146912
0.153148
0.144219
0.146048
0.146349
0.148300
0.167724
0.148593
0.147371
0.150098
0.143819
0.146338
0.146287
0.149879
0.141190
0.148121
0.147922
0.145284
0.159880
0.151781
0.145849
0.147764
0.144503
0.141980
0.148073
0.145826
0.149837
0.147792
0.143277
0.149934
0.148574
0.146874
0.145772
0.144438
0.148935
0.148501
0.147770
0.148580
0.145860
0.144318
0.150448
0.150570
0.144991
0.144088
0.142202
0.146640
0.146210
0.144733
0.146875
0.143873
0.150083
0.143308
0.147009
0.148517
0.146732
0.161779
