0.148489
0.154807
0.145125
0.144145
0.145444
0.146374
0.147258
0.154231
0.151068
0.144553
0.145531
0.145951
0.145351
0.143421
0.145692
0.145367
0.144815
0.145085
0.141933
0.148925
0.143055
0.148791
0.144334
0.146981
0.148131
0.148999
0.144171
0.151796
0.149244
0.147866
0.157865
0.147301
0.146333
0.152810
0.158460
0.149867
0.144969
0.154038
0.158661
0.149485
0.156256
0.142883
0.145802
0.143933
0.145777
0.156575
0.147647
0.145085
0.142842
0.141790
0.144657
0.148419
0.154204
0.147482
0.144491
0.148598
0.156066
0.145102
0.144002
0.153608
0.145672
0.146390
0.144508
0.146971
0.147043
0.144011
0.145006
0.146963
0.143941
0.145202
0.146189
0.141038
0.144690
0.146531
0.146186
0.142634
0.159372
0.143317
0.148378
0.144636
0.147290
0.154152
0.145293
0.143181
0.146508
0.144197
0.144609
0.150600
0.144982
0.148399
0.144544
0.142877
0.143625
0.147993
0.144697
0.148172
0.143494
0.144447
0.145407
0.154580
0.145643
0.146206
0.155401
0.143096
0.144039
0.144442
0.167475
0.147645
0.143289
0.146344
0.145980
0.154102
0.151066
0.147697
0.146433
0.146068
0.146471
0.144537
0.159342
0.157693
0.159499
0.146362
0.145933
0.145509
0.146425
0.145647
0.142307
0.145137
0.142191
0.143698
0.143536
0.145940
0.147718
0.146196
0.147107
0.146807
0.147779
0.145322
0.148654
0.150170
0.144814
0.145805
0.146549
0.149324
0.153143
0.149552
0.143500
0.143820
0.146352
0.143102
0.148787
0.160083
0.150594
0.141516
0.151820
0.145850
0.145367
0.153279
0.146989
0.144141
0.147518
0.146936
0.146121
0.151971
0.144248
0.147916
0.149728
0.157661
0.144116
0.148359
0.143979
0.153851
0.154660
0.145267
0.147735
0.143557
0.147019
0.149402
0.145312
0.146354
0.149892
0.147352
0.144115
0.148232
0.144414
0.143975
0.144703
0.143015
0.146271
0.144246
0.158275
0.152113
0.146937
0.149907
0.144626
0.145454
0.141796
0.147173
0.146074
0.141788
0.146276
0.144363
0.150212
0.154471
0.143969
0.150732
0.148048
0.146395
0.144568
0.150162
0.150450
0.150524
0.142448
0.147799
0.144398
0.152438
0.146936
0.145969
0.144721
0.147701
0.146596
0.146782
0.146113
0.144197
0.152958
0.159313
0.143203
0.153002
0.144846
0.142834
0.158887
0.144456
0.150617
0.156791
0.144199
0.141490
0.147461
0.144644
0.146839
0.144938
0.144348
0.149968
0.152531
0.149753
0.144995
0.159306
0.145010
0.147085
0.148057
0.144934
0.147629
0.150778
0.145399
0.151440
0.155403
0.148109
0.144453
0.143744
0.159453
0.157360
0.148772
0.144466
0.146636
0.153638
0.146426
0.143816
0.156453
0.148293
0.144944
0.153412
0.144012
0.150773
0.165086
0.152629
0.146889
0.141272
0.142565
0.155361
0.158810
0.143120
0.147173
0.148298
0.157090
0.142043
0.149047
0.152452
0.147316
0.158044
0.147418
0.143565
0.147585
0.147068
0.146298
0.151583
0.153964
0.149332
0.147950
0.142658
0.146969
0.154844
0.147442
0.159076
0.144044
0.143262
0.146458
0.145724
0.144010
0.153686
0.146579
0.146326
0.145457
0.143098
0.146922
0.144869
0.146653
0.151114
0.155385
0.142391
0.170175
0.145521
0.157534
0.145251
0.144278
0.145691
0.146515
0.143929
0.143525
0.144044
0.156590
0.146467
0.144743
0.156355
0.146702
0.144503
0.147692
0.146290
0.157113
0.144637
0.146137
0.142887
0.147619
0.146035
0.156542
0.146788
0.150480
0.144662
0.146806
0.145951
0.148018
0.145679
0.144981
0.165753
0.143740
0.148721
0.143643
0.148050
0.144964
0.145835
0.146421
0.145957
0.144082
0.147668
0.154826
0.145762
0.148300
0.146195
0.142394
0.145018
0.143704
0.144567
0.143191
0.142595
0.155210
0.153981
0.146378
0.146076
0.148045
0.146757
0.145756
0.151421
0.142992
0.144436
0.142930
0.149242
0.155574
0.146824
0.143652
0.158194
0.142787
0.142884
0.154406
0.148080
0.147491
0.155125
0.147121
0.145359
0.150400
0.146051
0.148302
0.143260
0.142580
0.147886
0.143411
0.162861
0.150394
0.142601
0.143702
0.145410
0.150602
0.145744
0.143062
0.152956
0.145502
0.146203
0.150588
0.156276
0.150575
0.154609
0.151119
0.153955
0.154779
0.147318
0.149609
0.158955
0.142114
0.144766
0.166235
0.143012
0.147350
0.145784
0.149515
0.142997
0.142742
0.145359
0.146034
0.145470
0.154409
0.144728
0.147466
0.150770
0.151883
0.145814
0.146307
0.151153
0.146849
0.143835
0.145948
0.147188
0.144891
0.142965
0.144719
0.145874
0.145417
0.144880
0.146934
0.150731
0.153116
0.144705
0.154018
0.146189
0.150738
0.148356
0.146055
0.153774
0.145798
0.145019
0.147805
0.166219
0.147607
0.152744
0.145826
0.163542
0.144476
0.143454
0.150809
0.146174
0.147275
0.151708
0.144499
0.147691
0.145424
0.147566
0.148683
0.143868
0.143575
0.146640
0.144998
0.153532
0.145201
0.152041
0.145823
0.144120
0.147117
0.144899
0.144302
0.146606
0.148246
0.142211
0.145454
0.146847
0.144030
0.145091
0.156591
0.144712
0.151021
0.142137
0.145232
0.150696
0.143763
0.144331
0.144636
0.142629
0.144399
0.161720
0.143056
0.144393
0.145781
0.146707
0.144870
0.146154
0.143523
0.149687
0.150388
0.152965
0.146057
0.142710
0.145324
0.169325
0.146642
0.144572
0.147878
0.147810
0.146602
0.143386
0.150383
0.144098
0.144743
0.145157
0.147877
0.163957
0.171467
0.153729
0.143710
0.147354
0.149080
0.140758
0.144392
0.148509
0.150199
0.144095
0.151733
0.146546
0.153388
0.145621
0.151662
0.150244
0.145533
0.144658
0.143324
0.145733
0.146960
0.186111
0.147217
0.142292
0.151321
0.148225
0.150144
0.145290
0.155573
0.159375
0.143456
0.144029
0.146620
0.145486
0.144597
0.145207
0.144569
0.145924
0.145920
0.149133
0.145777
0.146138
0.153696
0.145148
0.144073
0.145304
0.141146
0.144773
0.149960
0.153257
0.147959
0.147210
0.142662
0.152442
0.154947
0.151368
0.145727
0.149089
0.145091
0.145539
0.149776
0.150327
0.146917
0.141610
0.147998
0.142583
0.145686
0.150414
0.145229
0.152253
0.148300
0.146920
0.143949
0.146146
0.145316
0.141636
0.148689
0.148570
0.145345
0.145865
0.146795
0.148559
0.146052
0.149400
0.145153
0.143573
0.145055
0.146433
0.148699
0.158034
0.155868
0.144312
0.156709
0.145368
0.159977
0.145534
0.144546
0.149845
0.145429
0.151026
0.154222
0.144793
0.146416
0.146955
0.150920
0.147334
0.143417
0.157445
0.142637
0.146247
0.151184
0.145167
0.143123
0.146579
0.142428
0.143698
0.150300
0.145615
0.149121
0.146447
0.144902
0.151821
0.149793
0.145763
0.146656
0.160039
0.141535
0.162895
0.145086
0.142888
0.157832
0.146868
0.146859
0.152361
0.150296
0.146488
0.142102
0.143853
0.153626
0.142356
0.143939
0.146309
0.162874
0.146391
0.149286
0.145551
0.149620
0.151544
0.146359
0.153538
0.144326
0.146641
0.142658
0.146816
0.148099
0.146109
0.148072
0.143950
0.147354
0.145540
0.142324
0.147197
0.145223
0.141721
0.141337
0.143227
0.144892
0.148307
0.151660
0.148809
0.144471
0.150718
0.148882
0.141661
0.167210
0.144729
0.149481
0.157887
0.144587
0.144264
0.156028
0.143806
0.147582
0.154333
0.145579
0.143538
0.145588
0.144272
0.157504
0.152935
0.144828
0.146545
0.146810
0.153260
0.146737
0.146072
0.145762
0.146731
0.146654
0.154104
0.153692
0.144546
0.145202
0.149976
0.150602
0.144183
0.151473
0.145515
0.149630
0.146908
0.149596
0.148758
0.145913
0.151592
0.149324
0.163271
0.146547
0.158388
0.146702
0.151687
0.150958
0.154457
0.155002
0.143617
0.148556
0.145969
0.173230
0.154376
0.148287
0.149464
0.160814
0.146238
0.142401
0.151370
0.144381
0.145471
0.145303
0.144835
0.141935
0.145929
0.146649
0.142985
0.143643
0.147123
0.144040
0.144187
0.149063
0.143001
0.145126
0.159935
0.148398
0.147881
0.152164
0.143939
0.148433
0.153816
0.148398
0.159255
0.152338
0.182535
0.156306
0.147073
0.144132
0.146664
0.145837
0.147489
0.146219
0.145040
0.146298
0.150547
0.141794
0.145184
0.153813
0.149522
0.146480
0.143073
0.149828
0.144637
0.152120
0.151669
0.149131
0.149553
0.144032
0.144644
0.147660
0.143680
0.143273
0.145362
0.151605
0.147398
0.145687
0.144749
0.143887
0.144772
0.153410
0.146292
0.145262
0.147987
0.152337
0.144468
0.161613
0.149306
0.141323
0.146488
0.146580
0.144436
0.161686
0.148664
0.146596
0.145384
0.145207
0.146942
0.144076
0.149046
0.146228
0.147854
0.145788
0.148737
0.149396
0.145086
0.144107
0.145500
0.145872
0.147433
0.150570
0.153192
0.144150
0.150485
0.149800
0.144767
0.147646
0.148925
0.147264
0.149288
0.152331
0.161588
0.143361
0.149036
0.150713
0.150108
0.146779
0.148459
0.148205
0.151841
0.144657
0.144295
0.143722
0.143557
0.146685
0.145844
0.146253
0.145367
0.145551
0.158265
0.153559
0.143850
0.144184
0.163377
0.162518
0.145380
0.143283
0.150630
0.150067
0.148473
0.150094
0.151886
0.147958
0.143506
0.153508
0.153006
0.151830
0.148871
0.148429
0.147156
0.144090
0.147913
0.155791
0.157914
0.153052
0.156357
0.153412
0.153832
0.151614
0.146481
0.147673
0.149091
0.145313
0.146331
0.146901
0.146514
0.143449
0.166032
0.143780
0.149192
0.141778
0.147374
0.144963
0.154605
0.151449
0.146930
0.146075
0.145638
0.147010
0.145087
0.146616
0.152853
0.143939
0.145749
0.146056
0.147993
0.167422
0.148283
0.147075
0.149819
0.143529
0.146056
0.146004
0.149573
0.140895
0.147770
0.147623
0.145003
0.159552
0.151486
0.145523
0.147468
0.144207
0.141681
0.147762
0.145530
0.149552
0.147504
0.143003
0.149639
0.148278
0.146569
0.145478
0.144153
0.148636
0.148185
0.147471
0.148286
0.145568
0.144028
0.150158
0.150268
0.144554
0.143790
0.141921
0.146347
0.145928
0.144456
0.146584
0.143591
0.149788
0.142994
0.146734
0.148228
0.146442
0.161483
