0.000113
0.000129
0.000116
0.000117
0.000125
0.000116
0.000109
0.000191
0.000132
0.000121
0.000117
0.000117
0.000121
0.000117
0.000121
0.000108
0.000127
0.000126
0.000159
0.000138
0.000135
0.000124
0.000124
0.000127
0.000132
0.000134
0.000118
0.000119
0.000117
0.000120
0.000119
0.000232
0.000126
0.000124
0.000109
0.000157
0.000130
0.000130
0.000139
0.000122
0.000138
0.000149
0.000124
0.000126
0.000123
0.000109
0.000132
0.000117
0.000120
0.000115
0.000141
0.000128
0.000121
0.000134
0.000123
0.000113
0.000116
0.000127
0.000122
0.000130
0.000126
0.000114
0.000135
0.000126
0.000129
0.000117
0.000105
0.000129
0.000715
0.000138
0.000141
0.000097
0.000123
0.000127
0.000141
0.000119
0.000131
0.000129
0.000119
0.000129
0.000140
0.000113
0.000118
0.000116
0.000130
0.000098
0.000103
0.000134
0.000128
0.000142
0.000113
0.000124
0.000112
0.000111
0.000132
0.000103
0.000105
0.000126
0.000118
0.000116
0.000133
0.000123
0.000125
0.000113
0.000115
0.000114
0.000129
0.000121
0.000112
0.000131
0.000120
0.000127
0.000134
0.000159
0.000133
0.000111
0.000108
0.000108
0.000119
0.000135
0.000126
0.000140
0.000131
0.000113
0.000124
0.000137
0.000128
0.000114
0.000111
0.000134
0.000106
0.000113
0.000125
0.000126
0.000122
0.000117
0.000125
0.000138
0.000103
0.000112
0.000102
0.000107
0.000107
0.000130
0.000186
0.000122
0.000124
0.000137
0.000135
0.000142
0.000130
0.000132
0.000143
0.000128
0.000251
0.001067
0.000117
0.000126
0.000118
0.000120
0.000119
0.000127
0.000126
0.000130
0.000114
0.000115
0.000116
0.000142
0.000112
0.000113
0.000111
0.000117
0.000119
0.000106
0.000127
0.000107
0.000127
0.000118
0.000113
0.000127
0.000118
0.000111
0.000116
0.000120
0.000117
0.000106
0.000145
0.000142
0.000107
0.000107
0.000157
0.000131
0.000104
0.000111
0.000129
0.000143
0.000124
0.000127
0.000103
0.000101
0.000143
0.000113
0.000130
0.000106
0.000102
0.000126
0.000119
0.000121
0.000130
0.000126
0.000109
0.000129
0.000117
0.000118
0.000131
0.000133
0.000132
0.000137
0.000117
0.000101
0.000135
0.000125
0.000117
0.000119
0.000116
0.000107
0.000116
0.000125
0.000120
0.000117
0.000143
0.000115
0.000137
0.000145
0.000124
0.000126
0.000141
0.000116
0.000114
0.000139
0.000119
0.000120
0.000120
0.000123
0.000142
0.000111
0.000115
0.000121
0.000109
0.000122
0.000113
0.000123
0.000144
0.000604
0.000121
0.000128
0.000144
0.000116
0.000135
0.000112
0.000136
0.000115
0.000125
0.000148
0.000156
0.000124
0.000141
0.000119
0.000115
0.000112
0.000126
0.000123
0.000122
0.000107
0.000133
0.000127
0.000134
0.000105
0.000122
0.000116
0.000146
0.000127
0.000141
0.000126
0.000116
0.000134
0.000120
0.000131
0.000130
0.000132
0.000121
0.000120
0.000123
0.000127
0.000140
0.000112
0.000132
0.000131
0.000121
0.000116
0.000119
0.000122
0.000124
0.000108
0.000115
0.000127
0.000107
0.000130
0.000118
0.000124
0.000115
0.000119
0.000104
0.000103
0.000109
0.000122
0.000109
0.000122
0.000149
0.000142
0.000145
0.000113
0.000129
0.000128
0.000123
0.000103
0.000122
0.000116
0.000135
0.000130
0.000102
0.000131
0.000122
0.000112
0.000126
0.000147
0.000126
0.000122
0.000117
0.000102
0.000121
0.000131
0.000108
0.000121
0.000130
0.000119
0.000143
0.000117
0.000129
0.000111
0.000120
0.000142
0.000128
0.000113
0.000125
0.000119
0.000116
0.000139
0.000132
0.000147
0.000114
0.000138
0.000165
0.000106
0.000122
0.000118
0.000111
0.000127
0.000154
0.000108
0.000115
0.000115
0.000112
0.000139
0.000126
0.000137
0.000129
0.000099
0.000109
0.000140
0.000127
0.000118
0.000129
0.000109
0.000115
0.000128
0.000122
0.000149
0.000107
0.000099
0.000123
0.000117
0.000111
0.000121
0.000121
0.000124
0.000122
0.000137
0.000112
0.000115
0.000111
0.000115
0.000114
0.000121
0.000096
0.000120
0.000125
0.000147
0.000117
0.000139
0.000117
0.000120
0.000114
0.000138
0.000121
0.000124
0.000136
0.000115
0.000111
0.000110
0.000126
0.000136
0.000116
0.000118
0.000113
0.000124
0.000303
0.000106
0.000141
0.000125
0.000146
0.000182
0.000108
0.000112
0.000123
0.000121
0.000111
0.000132
0.000139
0.000128
0.000109
0.000114
0.000111
0.000126
0.000121
0.000125
0.000134
0.000100
0.000119
0.000124
0.000115
0.000121
0.000135
0.000106
0.000121
0.000123
0.000135
0.000134
0.000116
0.000120
0.000121
0.000130
0.000117
0.000113
0.000144
0.000116
0.000128
0.000111
0.000125
0.001066
0.000115
0.000121
0.000123
0.000116
0.000125
0.000122
0.000117
0.000128
0.000128
0.000123
0.000110
0.000111
0.000156
0.000107
0.000138
0.000118
0.000115
0.000137
0.000124
0.001632
0.000113
0.000122
0.000133
0.000114
0.000125
0.000144
0.000109
0.000138
0.000121
0.000119
0.000102
0.000125
0.001111
0.000125
0.000118
0.000122
0.000139
0.000107
0.000171
0.000100
0.000111
0.000116
0.000122
0.000123
0.000125
0.000137
0.000120
0.000118
0.000119
0.000141
0.000135
0.000134
0.000128
0.000115
0.000122
0.000125
0.000116
0.000126
0.000121
0.000102
0.000122
0.000122
0.000127
0.000118
0.000134
0.000130
0.000137
0.000123
0.000119
0.000127
0.000115
0.000120
0.000119
0.000141
0.000097
0.000121
0.000127
0.000119
0.000122
0.000140
0.000117
0.000124
0.000117
0.000123
0.000122
0.000126
0.000133
0.000111
0.000113
0.000124
0.000140
0.000138
0.000129
0.000113
0.000140
0.000134
0.000113
0.000114
0.000121
0.000133
0.000131
0.000141
0.000133
0.000110
0.000136
0.000112
0.000134
0.000107
0.000129
0.000138
0.000127
0.000125
0.000134
0.000227
0.000124
0.000106
0.000104
0.000134
0.000134
0.000115
0.000136
0.000138
0.000127
0.000150
0.000148
0.000131
0.000101
0.000112
0.000111
0.000138
0.000123
0.000144
0.000123
0.000122
0.000120
0.000112
0.000112
0.000119
0.000101
0.000121
0.000120
0.000117
0.000138
0.000110
0.000117
0.000138
0.000114
0.000118
0.000122
0.000125
0.000102
0.000115
0.000125
0.000123
0.000112
0.000117
0.000127
0.000134
0.000126
0.000125
0.000123
0.000112
0.000115
0.000113
0.000103
0.000177
0.000130
0.000101
0.000117
0.000109
0.000120
0.000139
0.000145
0.000136
0.000115
0.000151
0.000147
0.000110
0.000105
0.000121
0.000144
0.000116
0.000129
0.000118
0.000119
0.000114
0.000127
0.000124
0.000139
0.000167
0.000107
0.000126
0.000116
0.000157
0.000125
0.000126
0.000128
0.000142
0.000123
0.000134
0.000135
0.000128
0.000109
0.000119
0.000117
0.000113
0.000147
0.000108
0.000123
0.000121
0.000134
0.000112
0.000106
0.000112
0.000137
0.000125
0.000110
0.000145
0.000131
0.000129
0.000133
0.000118
0.000112
0.000125
0.000122
0.000148
0.000114
0.000108
0.000115
0.000121
0.000102
0.000107
0.000132
0.000111
0.000102
0.000116
0.000125
0.000137
0.000140
0.000148
0.000117
0.000125
0.000128
0.000099
0.000141
0.000105
0.000123
0.000120
0.000118
0.000116
0.000131
0.000169
0.000149
0.000114
0.000129
0.000121
0.000113
0.000114
0.000122
0.000129
0.000109
0.000190
0.000124
0.000137
0.000114
0.000110
0.000134
0.000140
0.000120
0.000146
0.000123
0.000116
0.000108
0.000119
0.000113
0.000126
0.000111
0.000120
0.000124
0.000136
0.000114
0.000162
0.000137
0.000121
0.000135
0.000133
0.000126
0.000130
0.000125
0.000138
0.000117
0.000129
0.000123
0.000134
0.000151
0.000138
0.000120
0.000119
0.000142
0.000123
0.000114
0.000137
0.000114
0.000141
0.000141
0.000102
0.000118
0.000129
0.000106
0.000296
0.000138
0.000127
0.000120
0.000128
0.000101
0.000120
0.000118
0.000131
0.000114
0.000133
0.000133
0.000140
0.000123
0.000128
0.000116
0.000123
0.000136
0.000117
0.000117
0.000125
0.000163
0.000106
0.000117
0.000124
0.000116
0.000111
0.000127
0.000105
0.000120
0.000134
0.000105
0.000104
0.000120
0.000123
0.000115
0.000107
0.000130
0.000131
0.000111
0.000120
0.000102
0.000108
0.000125
0.000146
0.000125
0.000126
0.000124
0.000112
0.000140
0.000127
0.000153
0.000124
0.000141
0.000117
0.000144
0.000130
0.000136
0.000139
0.000142
0.000125
0.000118
0.000130
0.000099
0.000132
0.000108
0.000129
0.000132
0.000135
0.000168
0.000121
0.000107
0.000106
0.000108
0.000133
0.000119
0.000160
0.000095
0.000166
0.000124
0.000119
0.000110
0.000123
0.000122
0.000122
0.000131
0.000120
0.000102
0.000128
0.000110
0.000118
0.000144
0.000118
0.000125
0.000126
0.000143
0.000124
0.000127
0.000244
0.000130
0.000136
0.000125
0.000120
0.000167
0.000121
0.000118
0.000125
0.000132
0.000121
0.000151
0.000175
0.000112
0.000148
0.000125
0.000114
0.000119
0.000127
0.000102
0.000125
0.000123
0.000113
0.000134
0.000127
0.000117
0.000117
0.000136
0.000115
0.000117
0.000112
0.000137
0.000147
0.000126
0.000119
0.000129
0.000148
0.000112
0.000146
0.000127
0.000149
0.000123
0.000121
0.000127
0.000114
0.000123
0.000120
0.000112
0.000125
0.000139
0.000113
0.000114
0.000120
0.000111
0.000244
0.000113
0.000138
0.000108
0.000122
0.000122
0.000111
0.000104
0.000130
0.000119
0.000125
0.000118
0.000120
0.000128
0.000122
0.000118
0.000130
0.000122
0.000131
0.000130
0.000123
0.000123
0.000111
0.000122
0.000114
0.000111
0.000134
0.000130
0.000180
0.000127
0.000113
0.000148
0.000123
0.000126
0.000126
0.000129
0.000132
0.000136
0.000127
0.000112
0.000115
0.000110
0.000124
0.000124
0.000136
0.000123
0.000123
0.000125
0.000140
0.000130
0.000124
0.000125
0.000120
0.000119
0.000131
0.000116
0.000131
0.000113
0.000115
0.000105
0.000109
0.000121
0.000121
0.000127
0.000153
0.000108
0.000116
0.000120
0.000124
