0.699535
0.658378
0.636642
0.653152
0.653008
0.632160
0.651445
0.639082
0.649829
0.644913
0.634310
0.644511
0.664166
0.637810
0.645954
0.633236
0.639617
0.641644
0.653808
0.644638
0.640430
0.646237
0.627082
0.642910
0.633842
0.636247
0.651933
0.653466
0.658964
0.634983
0.657715
0.656713
0.642560
0.641252
0.642851
0.631968
0.633415
0.671697
0.667171
0.669710
0.647651
0.658818
0.638968
0.635802
0.634484
0.647764
0.707130
0.653488
0.625614
0.639574
0.655325
0.641180
0.646473
0.636472
0.661202
0.641074
0.652781
0.638902
0.649334
0.644236
0.639456
0.657514
0.649067
0.648052
0.645852
0.653639
0.633568
0.673152
0.639630
0.639494
0.640417
0.620581
0.640009
0.639343
0.647517
0.665753
0.655133
0.681490
0.657647
0.630206
0.657957
0.642974
0.635746
0.632319
0.639389
0.630424
0.643738
0.661915
0.673726
0.675234
0.641381
0.648381
0.643259
0.633265
0.653761
0.642278
0.633203
0.641399
0.656096
0.639256
0.676820
0.649607
0.638715
0.628362
0.630829
0.656953
0.647160
0.669195
0.639426
0.638062
0.632289
0.642732
0.647223
0.645159
0.650021
0.661853
0.647146
0.639023
0.650640
0.652222
0.649908
0.659438
0.654874
0.656185
0.681674
0.642979
0.650784
0.647439
0.632585
0.639447
0.655032
0.653170
0.630253
0.678670
0.635965
0.659108
0.638100
0.641829
0.631950
0.669032
0.658513
0.632255
0.633796
0.636805
0.651311
0.654479
0.659944
0.645198
0.639635
0.636787
0.671818
0.639835
0.640878
0.649892
0.638058
0.644321
0.642190
0.640742
0.640276
0.633995
0.654026
0.633391
0.632417
0.667927
0.634865
0.642918
0.663409
0.637118
0.651226
0.647104
0.641624
0.644527
0.659922
0.641197
0.634147
0.647310
0.646655
0.636319
0.658853
0.648044
0.640100
0.646853
0.646899
0.643443
0.632141
0.647530
0.647435
0.636039
0.643858
0.666320
0.647978
0.648956
0.644141
0.647316
0.653232
0.636827
0.647264
0.652721
0.642156
0.669217
0.643432
0.650187
0.642997
0.645889
0.635885
0.652572
0.670822
0.651836
0.652922
0.635152
0.662985
0.662080
0.659574
0.632872
0.671643
0.639777
0.653122
0.631893
0.651176
0.655634
0.635173
0.643217
0.639239
0.628480
0.652635
0.631728
0.650275
0.673704
0.638247
0.647302
0.649594
0.629622
0.670079
0.642981
0.643859
0.627368
0.645091
0.634937
0.654995
0.642260
0.626880
0.644722
0.645979
0.648479
0.647048
0.677316
0.652676
0.647840
0.657288
0.651785
0.640556
0.665836
0.666830
0.655352
0.663739
0.633342
0.632067
0.646417
0.641183
0.655098
0.642960
0.630953
0.646853
0.658253
0.653531
0.647855
0.673507
0.640647
0.639420
0.639290
0.638917
0.632394
0.708831
0.639801
0.637219
0.649660
0.638000
0.636984
0.640325
0.665121
0.638669
0.640647
0.666249
0.649497
0.641549
0.661593
0.639058
0.659185
0.635184
0.650952
0.625707
0.684402
0.658998
0.659487
0.642458
0.637555
0.648565
0.641785
0.638915
0.646389
0.640078
0.628987
0.654457
0.633685
0.648738
0.644297
0.635371
0.647122
0.633815
0.650727
0.628085
0.645479
0.672601
0.637331
0.648771
0.650537
0.634419
0.634891
0.636682
0.662056
0.660905
0.647263
0.646624
0.654240
0.641806
0.658723
0.647065
0.633074
0.626259
0.643721
0.658076
0.664054
0.661660
0.661298
0.660205
0.639986
0.652368
0.667869
0.683006
0.638056
0.652665
0.639432
0.638197
0.643842
0.645811
0.670030
0.641945
0.645356
0.668550
0.624827
0.653615
0.679120
0.638561
0.641807
0.657443
0.649208
0.649565
0.652533
0.654863
0.655338
0.675046
0.635287
0.644883
0.654484
0.651882
0.662297
0.640541
0.638368
0.639319
0.654018
0.651697
0.642896
0.689535
0.645067
0.649995
0.648228
0.654417
0.625296
0.691622
0.642426
0.644295
0.680444
0.642884
0.649008
0.657632
0.646115
0.647240
0.659407
0.641806
0.629582
0.660156
0.647042
0.661510
0.656909
0.656848
0.652016
0.650581
0.660794
0.660537
0.647527
0.627890
0.640810
0.642577
0.651820
0.663356
0.641013
0.649584
0.635005
0.658077
0.644008
0.654633
0.641037
0.627331
0.639529
0.649638
0.649290
0.657221
0.664708
0.659382
0.644807
0.650664
0.644553
0.643196
0.658325
0.632911
0.656850
0.646235
0.631440
0.639702
0.642700
0.659303
0.632727
0.631611
0.635092
0.669585
0.634760
0.645924
0.645902
0.649229
0.628148
0.656819
0.626101
0.638273
0.659436
0.641107
0.662761
0.636951
0.621890
0.645623
0.638603
0.647395
0.648606
0.639969
0.650874
0.643201
0.657526
0.635145
0.657774
0.642877
0.653610
0.644447
0.643904
0.663286
0.651074
0.650517
0.645697
0.647368
0.649420
0.645141
0.640051
0.644570
0.641053
0.637621
0.635622
0.630803
0.642368
0.632317
0.652993
0.643432
0.630107
0.646620
0.642040
0.644588
0.647406
0.643446
0.648436
0.647258
0.652969
0.630880
0.643128
0.662641
0.648700
0.639846
0.651518
0.642470
0.630638
0.669840
0.626525
0.632341
0.651403
0.661120
0.648435
0.686137
0.680667
0.643298
0.662713
0.639207
0.626446
0.650086
0.624314
0.641568
0.649266
0.652651
0.654384
0.678458
0.638217
0.679234
0.652319
0.633471
0.635916
0.643712
0.647291
0.649774
0.664309
0.647071
0.654853
0.666101
0.642236
0.645983
0.658834
0.660829
0.644093
0.648064
0.640582
0.647132
0.657768
0.652632
0.623885
0.635090
0.637579
0.655519
0.714376
0.673456
0.635598
0.673311
0.620243
0.642737
0.636302
0.637557
0.674205
0.634849
0.655498
0.665346
0.636255
0.622868
0.657546
0.649084
0.658632
0.644834
0.636722
0.647699
0.650252
0.660300
0.622796
0.628309
0.644691
0.642397
0.653808
0.667566
0.649045
0.650200
0.650613
0.633128
0.652037
0.620797
0.659185
0.634933
0.667909
0.648354
0.641029
0.642209
0.654945
0.650311
0.653329
0.635639
0.638271
0.622558
0.641178
0.635950
0.634653
0.645832
0.644432
0.623990
0.630758
0.642404
0.640105
0.645470
0.647873
0.637379
0.634090
0.650160
0.656645
0.644763
0.633725
0.651313
0.662349
0.656137
0.638187
0.662907
0.638972
0.658222
0.640725
0.641931
0.647189
0.644848
0.628967
0.648301
0.643627
0.651528
0.635742
0.646053
0.661110
0.635337
0.657385
0.643329
0.639804
0.637763
0.635277
0.661939
0.655952
0.643348
0.642670
0.658601
0.640384
0.644240
0.665870
0.645374
0.640366
0.672397
0.667621
0.624996
0.667078
0.648224
0.659369
0.651361
0.640335
0.637846
0.649483
0.635390
0.640014
0.642213
0.631386
0.649403
0.631186
0.641317
0.646687
0.644705
0.640219
0.657229
0.642975
0.671856
0.659666
0.650540
0.640123
0.640090
0.653254
0.637332
0.628830
0.669191
0.643791
0.692801
0.682016
0.655909
0.634306
0.659396
0.624447
0.637904
0.634428
0.638368
0.628957
0.661599
0.650910
0.638701
0.647740
0.648592
0.660298
0.646970
0.643849
0.643231
0.647565
0.637014
0.643846
0.643095
0.652036
0.660638
0.650232
0.646523
0.634174
0.633113
0.659367
0.643155
0.662984
0.653488
0.637489
0.632409
0.636017
0.651083
0.661086
0.646585
0.636608
0.644298
0.642921
0.650834
0.645452
0.627690
0.640473
0.655599
0.659910
0.649061
0.628986
0.648130
0.636291
0.644262
0.645351
0.641236
0.638278
0.651432
0.650900
0.645200
0.641201
0.654888
0.650288
0.639265
0.639588
0.692128
0.649214
0.651877
0.661915
0.645649
0.635631
0.652355
0.645451
0.651333
0.636326
0.644715
0.649765
0.636843
0.659656
0.644708
0.633849
0.650552
0.649459
0.671978
0.645045
0.658810
0.672674
0.670718
0.650360
0.640471
0.655188
0.628977
0.670110
0.632247
0.633336
0.647732
0.650030
0.647513
0.670945
0.636300
0.635602
0.636356
0.649098
0.638327
0.670078
0.652090
0.658130
0.651097
0.657666
0.647496
0.635380
0.641811
0.646069
0.636155
0.661745
0.639497
0.641118
0.648034
0.629635
0.638124
0.642387
0.642955
0.629216
0.643764
0.634335
0.663551
0.633269
0.637153
0.660825
0.653756
0.654079
0.644311
0.649871
0.651076
0.639749
0.635880
0.650286
0.633239
0.644362
0.634053
0.642689
0.644230
0.629150
0.636202
0.631258
0.652098
0.630590
0.652654
0.633079
0.635709
0.657796
0.651389
0.653930
0.653686
0.647988
0.639762
0.638514
0.636960
0.642988
0.649095
0.641786
0.646787
0.659946
0.650710
0.632202
0.679969
0.670570
0.639471
0.652455
0.642311
0.634603
0.636532
0.651434
0.628654
0.661587
0.662340
0.632632
0.637783
0.655128
0.643052
0.649071
0.640151
0.640889
0.639270
0.650827
0.653433
0.636025
0.637920
0.639596
0.639614
0.644398
0.643944
0.655726
0.640453
0.659422
0.670988
0.664524
0.635879
0.653290
0.651316
0.636582
0.656999
0.643562
0.663541
0.651303
0.666637
0.680739
0.658536
0.654329
0.631967
0.648861
0.650321
0.649281
0.637729
0.661214
0.638050
0.635229
0.680229
0.642559
0.662961
0.657285
0.640713
0.642911
0.664977
0.641015
0.645010
0.674551
0.643929
0.653485
0.639982
0.639077
0.643609
0.667002
0.648995
0.641679
0.652183
0.637295
0.658226
0.648079
0.652402
0.635062
0.635343
0.720610
0.650967
0.653675
0.645499
0.641373
0.624581
0.635801
0.639019
0.686760
0.653796
0.650195
0.649835
0.655292
0.641845
0.656897
0.644286
0.637654
0.630101
0.635949
0.638481
0.663411
0.647222
0.651273
0.633064
0.640373
0.633090
0.648924
0.644542
0.653050
0.648238
0.643856
0.642363
0.629572
0.649232
0.639203
0.646190
0.647734
0.637633
0.651520
0.698879
0.647466
0.652091
0.649276
0.636567
0.650374
0.645999
0.658341
0.626855
0.650292
0.637181
0.657701
0.657978
0.645543
0.635226
0.667776
0.658646
0.623527
0.651695
0.636283
0.645085
0.650352
0.633967
0.648275
0.660358
0.646189
0.639285
0.650799
0.650029
0.653548
0.673727
0.647816
0.635530
0.626445
0.646880
0.672987
0.653713
0.638914
0.641238
0.667127
0.634512
0.642976
0.665244
0.625126
0.636111
0.629393
0.642911
0.635350
0.675925
0.652587
