0.690350
0.668809
0.670849
0.671069
0.636703
0.637929
0.651490
0.636022
0.650913
0.648218
0.654131
0.665777
0.674473
0.653956
0.646849
0.660436
0.653818
0.646192
0.647523
0.643933
0.656094
0.660447
0.664800
0.664232
0.651170
0.648000
0.673442
0.657805
0.645243
0.648003
0.641450
0.650135
0.637504
0.654187
0.646518
0.677311
0.659287
0.642588
0.646417
0.667996
0.662670
0.641835
0.678281
0.656626
0.652192
0.660148
0.645075
0.657238
0.642644
0.716311
0.640852
0.654083
0.659912
0.639338
0.646136
0.667982
0.652216
0.654069
0.660433
0.655302
0.664002
0.659066
0.657365
0.660173
0.640216
0.649913
0.670515
0.664410
0.671715
0.644990
0.671590
0.650273
0.667849
0.663959
0.630650
0.664142
0.652502
0.674777
0.662467
0.666709
0.643507
0.651261
0.659064
0.651731
0.655287
0.660704
0.652855
0.659061
0.651982
0.678044
0.644692
0.646305
0.663116
0.653166
0.645926
0.650073
0.649610
0.666029
0.666087
0.667688
0.661732
0.646205
0.650011
0.676033
0.679773
0.676365
0.648396
0.658157
0.644716
0.646974
0.646019
0.650188
0.651719
0.677547
0.674178
0.661619
0.656439
0.642424
0.661586
0.656422
0.654557
0.665642
0.644068
0.644085
0.655410
0.687834
0.673115
0.640040
0.630549
0.656890
0.651812
0.692241
0.666379
0.642854
0.641300
0.644229
0.655703
0.646563
0.656343
0.650498
0.649318
0.653344
0.657639
0.638787
0.644274
0.660489
0.646869
0.658019
0.649920
0.670583
0.647150
0.664292
0.658746
0.644109
0.653294
0.642128
0.638940
0.644527
0.708420
0.656038
0.665194
0.650974
0.648142
0.662763
0.680114
0.668497
0.658753
0.651846
0.639211
0.642668
0.678841
0.647335
0.654092
0.674108
0.657165
0.660585
0.671625
0.635585
0.661692
0.644191
0.650603
0.650419
0.668894
0.655448
0.680633
0.662327
0.674982
0.661269
0.662256
0.650048
0.645209
0.673395
0.656063
0.666766
0.679846
0.670248
0.655024
0.694782
0.655984
0.654621
0.650030
0.661501
0.641868
0.645899
0.676434
0.661497
0.641271
0.660455
0.639792
0.638568
0.630869
0.667222
0.641386
0.665613
0.648875
0.670663
0.674081
0.660626
0.644040
0.633543
0.649109
0.653120
0.654769
0.648696
0.668897
0.663952
0.651768
0.644462
0.655483
0.636449
0.648848
0.667820
0.653090
0.646763
0.661894
0.647545
0.655511
0.653305
0.653043
0.652565
0.645759
0.655722
0.644668
0.649316
0.657939
0.628981
0.660110
0.653723
0.654462
0.658419
0.660651
0.658481
0.660013
0.639677
0.655549
0.650557
0.647039
0.677950
0.652106
0.637181
0.686831
0.635771
0.663921
0.664633
0.665777
0.667556
0.637769
0.662998
0.649001
0.660402
0.668117
0.649183
0.659398
0.665902
0.660593
0.672399
0.664478
0.644483
0.670208
0.658574
0.649628
0.668441
0.683625
0.641865
0.643742
0.685570
0.646418
0.662662
0.651526
0.652798
0.662864
0.737774
0.673528
0.660038
0.654702
0.627269
0.661007
0.692457
0.685237
0.645319
0.652934
0.647488
0.661866
0.672071
0.655858
0.644519
0.637529
0.654065
0.641809
0.653880
0.674083
0.639549
0.652433
0.648422
0.640756
0.658472
0.680951
0.660939
0.667559
0.648602
0.668846
0.646621
0.648724
0.655722
0.665866
0.651553
0.656095
0.654883
0.636473
0.659526
0.689788
0.669352
0.673612
0.647765
0.657963
0.640783
0.657735
0.652446
0.671743
0.650025
0.649161
0.666982
0.666672
0.677032
0.665329
0.659055
0.666240
0.649099
0.662389
0.659700
0.665655
0.671966
0.643314
0.645523
0.651558
0.671565
0.652346
0.642038
0.648933
0.650070
0.664511
0.699814
0.661420
0.656536
0.651882
0.646336
0.641675
0.671243
0.657639
0.655961
0.657974
0.647026
0.652351
0.647574
0.655136
0.651782
0.646409
0.642465
0.667287
0.656948
0.671022
0.655448
0.668352
0.658327
0.644046
0.646199
0.661935
0.644232
0.660714
0.663287
0.640839
0.667829
0.645647
0.654837
0.654116
0.655931
0.672852
0.666677
0.649762
0.649672
0.666245
0.650316
0.655988
0.652002
0.669024
0.653719
0.661844
0.640441
0.645644
0.686224
0.653725
0.642594
0.663417
0.658114
0.643015
0.668119
0.646321
0.662490
0.670033
0.666164
0.657859
0.656917
0.651608
0.650435
0.664514
0.637651
0.697060
0.645920
0.638204
0.681416
0.636567
0.672228
0.641245
0.628388
0.656659
0.662321
0.666313
0.688555
0.646354
0.637746
0.646977
0.652110
0.672901
0.653297
0.657239
0.651737
0.652810
0.654423
0.665527
0.649240
0.652318
0.651519
0.645383
0.665050
0.653360
0.647444
0.672645
0.668850
0.635149
0.678433
0.666409
0.629545
0.675281
0.647782
0.671099
0.679485
0.674525
0.652582
0.666593
0.650224
0.662077
0.658334
0.653764
0.657809
0.648867
0.693805
0.655784
0.644907
0.674162
0.685619
0.666276
0.646692
0.654290
0.652536
0.667493
0.650921
0.657926
0.650732
0.684105
0.671954
0.656584
0.645505
0.673372
0.649386
0.646472
0.645963
0.652769
0.660072
0.650733
0.660924
0.653162
0.670990
0.658451
0.678370
0.644671
0.643827
0.666625
0.639507
0.680655
0.668312
0.681560
0.648718
0.660782
0.650632
0.654849
0.652840
0.660788
0.653631
0.648535
0.657774
0.653421
0.690301
0.638197
0.635951
0.671435
0.647629
0.646404
0.666808
0.636313
0.652759
0.650139
0.646760
0.650540
0.653119
0.667826
0.651965
0.643467
0.642360
0.643454
0.643950
0.657930
0.669213
0.651487
0.662898
0.652851
0.672499
0.650818
0.673483
0.640433
0.643872
0.658255
0.636458
0.671915
0.651597
0.659336
0.626591
0.674915
0.654390
0.655948
0.660052
0.666233
0.667119
0.644616
0.652133
0.662276
0.667892
0.659284
0.653488
0.654560
0.636865
0.659644
0.667763
0.670268
0.659777
0.665774
0.650130
0.649998
0.644169
0.641190
0.642070
0.674108
0.657044
0.658673
0.651310
0.686128
0.640114
0.649109
0.663445
0.654514
0.654334
0.655664
0.668479
0.665035
0.676541
0.655869
0.667764
0.638103
0.640630
0.662311
0.646333
0.663544
0.645561
0.676064
0.650750
0.658034
0.666853
0.668003
0.634361
0.677714
0.644770
0.664845
0.655501
0.656765
0.667988
0.660848
0.664790
0.649878
0.656700
0.657926
0.662604
0.656507
0.662185
0.648221
0.624343
0.647056
0.650922
0.676974
0.674926
0.670805
0.662609
0.666560
0.655695
0.690965
0.725098
0.632365
0.642382
0.654440
0.655044
0.668335
0.673289
0.665924
0.669138
0.653049
0.639887
0.661333
0.668428
0.645733
0.668053
0.704025
0.672282
0.648735
0.639187
0.652873
0.652036
0.663913
0.662601
0.652833
0.639786
0.709298
0.663952
0.656534
0.654899
0.659197
0.654452
0.648320
0.651508
0.653125
0.655879
0.657839
0.704488
0.678662
0.676211
0.656588
0.652075
0.650832
0.643569
0.640222
0.656408
0.657523
0.635798
0.675892
0.642941
0.645098
0.649181
0.661520
0.642388
0.639256
0.701881
0.647724
0.653128
0.643121
0.684381
0.639198
0.662139
0.641038
0.655329
0.666599
0.653456
0.658931
0.652097
0.653634
0.637968
0.662411
0.646503
0.664638
0.648761
0.651145
0.683950
0.650885
0.661627
0.674292
0.665398
0.636883
0.652736
0.642987
0.661312
0.655450
0.654979
0.659056
0.681623
0.647655
0.657900
0.637924
0.662163
0.673529
0.656991
0.652596
0.647144
0.644704
0.662952
0.653270
0.662410
0.671852
0.646642
0.648633
0.673473
0.654608
0.666792
0.646303
0.648529
0.646785
0.652005
0.648626
0.660181
0.655736
0.656880
0.655972
0.650620
0.691310
0.647566
0.652596
0.676123
0.651760
0.664210
0.699948
0.651583
0.648881
0.654041
0.651462
0.661820
0.666874
0.659340
0.644237
0.661481
0.644404
0.650593
0.658694
0.672801
0.649433
0.663020
0.685276
0.661107
0.667479
0.644109
0.676142
0.668975
0.666541
0.647466
0.659555
0.649597
0.656177
0.665437
0.658886
0.659441
0.630006
0.668431
0.645771
0.662461
0.657846
0.650386
0.655875
0.655216
0.653857
0.653438
0.662218
0.648721
0.642225
0.660168
0.650248
0.649942
0.665348
0.679102
0.642278
0.659391
0.662009
0.659887
0.651930
0.671864
0.668320
0.653414
0.639770
0.653175
0.634325
0.632420
0.652820
0.644367
0.664098
0.634216
0.648054
0.703731
0.690718
0.649388
0.643030
0.676492
0.646756
0.641039
0.669600
0.657499
0.645783
0.644250
0.635139
0.717620
0.658803
0.663310
0.664179
0.658529
0.663235
0.664590
0.653242
0.662980
0.643824
0.638524
0.650376
0.665578
0.648758
0.655487
0.643171
0.637898
0.651376
0.658808
0.650007
0.657980
0.649897
0.642578
0.663152
0.666137
0.667050
0.667807
0.641414
0.635876
0.652768
0.649195
0.643470
0.688317
0.658709
0.657480
0.664234
0.653734
0.637849
0.676327
0.651899
0.643943
0.658694
0.654799
0.659730
0.671672
0.646367
0.662076
0.673355
0.645806
0.630090
0.656685
0.652006
0.661368
0.645765
0.646494
0.645876
0.642774
0.653330
0.658921
0.667374
0.672672
0.668377
0.660531
0.644494
0.647543
0.657701
0.651860
0.651200
0.649062
0.646491
0.651896
0.673926
0.665214
0.649297
0.663977
0.671096
0.637099
0.646004
0.643590
0.632355
0.646403
0.667582
0.665744
0.651062
0.646890
0.643946
0.666644
0.663295
0.654079
0.638972
0.641317
0.657253
0.645874
0.660503
0.671626
0.660213
0.646538
0.654789
0.676669
0.660689
0.657228
0.643594
0.664644
0.654960
0.643423
0.672070
0.640678
0.637173
0.654582
0.671256
0.648937
0.673713
0.651824
0.649829
0.711804
0.661004
0.653499
0.676420
0.650429
0.653836
0.648225
0.645800
0.660668
0.663967
0.666499
0.653506
0.656506
0.653497
0.663085
0.665686
0.670429
0.648156
0.653253
0.649998
0.636267
0.651809
0.713821
0.669095
0.659023
0.647503
0.656811
0.654911
0.651886
0.658550
0.674040
0.663292
0.661809
0.678857
0.642772
0.674199
0.671008
0.665393
0.685027
0.651095
0.645144
0.654028
0.657671
0.651925
0.639826
0.646444
0.660138
0.643764
0.654053
0.672567
0.653404
0.663403
0.656841
0.658470
0.639941
