0.861792
0.825860
0.794196
0.807346
0.808297
0.788510
0.809473
0.803790
0.811206
0.799328
0.789547
0.800125
0.819571
0.791267
0.802001
0.788766
0.794298
0.796766
0.806042
0.803344
0.794281
0.804874
0.781679
0.799810
0.792373
0.795439
0.806146
0.817018
0.818036
0.792543
0.825570
0.814273
0.798889
0.804256
0.811222
0.792258
0.788045
0.836350
0.836306
0.829020
0.813685
0.811237
0.794862
0.789641
0.789789
0.814233
0.865507
0.808402
0.778003
0.791074
0.809885
0.799279
0.810567
0.794123
0.815605
0.799609
0.818788
0.795430
0.803126
0.807464
0.795119
0.814049
0.803454
0.804769
0.802618
0.807514
0.788242
0.830339
0.794126
0.794451
0.796543
0.771151
0.794660
0.795615
0.803885
0.818354
0.824376
0.834773
0.817299
0.785279
0.815000
0.807753
0.791316
0.785302
0.795524
0.784173
0.798020
0.822216
0.829100
0.833640
0.795416
0.801385
0.796747
0.791244
0.808605
0.800056
0.787167
0.795816
0.811481
0.803906
0.832652
0.805818
0.803790
0.781141
0.784501
0.811391
0.824238
0.826705
0.792673
0.794489
0.788545
0.806919
0.808252
0.802868
0.806451
0.817706
0.803636
0.793269
0.820205
0.819706
0.819586
0.815713
0.811553
0.811874
0.838857
0.798420
0.802981
0.802635
0.784693
0.792946
0.808414
0.809428
0.787852
0.834919
0.792894
0.815701
0.795964
0.797192
0.790360
0.829066
0.813239
0.787910
0.790480
0.796045
0.814724
0.813920
0.813444
0.799143
0.797091
0.789840
0.831097
0.809919
0.801332
0.801242
0.799844
0.801606
0.797685
0.804055
0.796934
0.788753
0.811510
0.790019
0.788355
0.829906
0.790569
0.800429
0.822972
0.804275
0.805215
0.805512
0.795491
0.808037
0.824312
0.796761
0.791766
0.800585
0.803982
0.796360
0.814325
0.804374
0.799622
0.806370
0.800790
0.801596
0.786230
0.801066
0.802068
0.788818
0.800088
0.820392
0.816291
0.811236
0.800935
0.807061
0.807647
0.792198
0.799105
0.809937
0.798055
0.821007
0.799608
0.804494
0.803499
0.810251
0.789632
0.813264
0.828542
0.808256
0.808114
0.795536
0.823379
0.822465
0.812114
0.790423
0.825861
0.802308
0.809799
0.787879
0.806243
0.816149
0.791910
0.799539
0.796944
0.782843
0.815335
0.800724
0.803463
0.836507
0.793162
0.799893
0.818579
0.784251
0.830646
0.809478
0.798429
0.778555
0.803383
0.789574
0.814356
0.797120
0.781061
0.804395
0.808170
0.808352
0.801991
0.846761
0.808561
0.804476
0.815345
0.806462
0.797976
0.826506
0.822217
0.817348
0.831546
0.791174
0.786307
0.800143
0.810501
0.822508
0.802308
0.785306
0.803222
0.822304
0.809787
0.802055
0.840600
0.799047
0.794280
0.803249
0.792517
0.793226
0.884129
0.802056
0.793887
0.800912
0.790503
0.801952
0.808955
0.818172
0.797300
0.798529
0.833243
0.801323
0.800392
0.823836
0.796556
0.827052
0.792699
0.804459
0.783529
0.841736
0.815105
0.821047
0.806211
0.796459
0.806151
0.794407
0.796894
0.811528
0.797718
0.797996
0.808227
0.786836
0.805175
0.799831
0.789416
0.811035
0.790495
0.806549
0.783319
0.798440
0.829325
0.791895
0.805399
0.811300
0.799801
0.787239
0.816996
0.818020
0.828345
0.802050
0.802110
0.809617
0.799664
0.812463
0.800278
0.787189
0.792612
0.800861
0.812821
0.830371
0.818023
0.817967
0.817661
0.795971
0.819955
0.822512
0.839337
0.790702
0.810202
0.795341
0.804306
0.800741
0.808673
0.824358
0.798351
0.801067
0.826434
0.780194
0.808343
0.855190
0.792026
0.800219
0.810777
0.806971
0.804333
0.808220
0.810988
0.810894
0.828890
0.792925
0.809649
0.810032
0.809921
0.818670
0.792788
0.793251
0.793113
0.808311
0.804682
0.795321
0.855076
0.809544
0.806144
0.804328
0.812623
0.781918
0.847443
0.803855
0.797401
0.834967
0.795916
0.808383
0.823154
0.802705
0.800742
0.827751
0.794477
0.782386
0.824553
0.805295
0.818719
0.822642
0.813889
0.807350
0.811655
0.816753
0.818752
0.800723
0.780115
0.798398
0.795990
0.824754
0.823692
0.793458
0.803178
0.790410
0.818788
0.799718
0.807613
0.804785
0.782520
0.795796
0.810338
0.815621
0.817547
0.829428
0.820382
0.808966
0.815840
0.801886
0.803115
0.827088
0.784701
0.811458
0.822422
0.784201
0.796875
0.798355
0.818968
0.785710
0.785197
0.789968
0.825891
0.790025
0.810171
0.801737
0.806626
0.788640
0.818672
0.781799
0.794597
0.820337
0.797653
0.816521
0.792715
0.778867
0.800413
0.791325
0.802264
0.805022
0.795563
0.805603
0.800121
0.818707
0.800399
0.812354
0.806969
0.810578
0.805645
0.802032
0.819172
0.814501
0.806407
0.800588
0.804886
0.825243
0.802686
0.803864
0.800236
0.814648
0.791923
0.788752
0.791527
0.798324
0.790417
0.814368
0.797858
0.787595
0.802087
0.799395
0.803205
0.801116
0.797563
0.804788
0.801982
0.816458
0.785971
0.806703
0.818918
0.802781
0.796683
0.806116
0.796793
0.787523
0.829585
0.778681
0.787549
0.807898
0.815126
0.803422
0.853977
0.835102
0.804119
0.814775
0.796620
0.786874
0.804195
0.778523
0.796287
0.801893
0.806776
0.825997
0.831393
0.792745
0.835294
0.809429
0.788405
0.791802
0.797286
0.806610
0.810161
0.827301
0.802917
0.807286
0.821097
0.821886
0.802778
0.815162
0.822048
0.801631
0.804450
0.793816
0.807183
0.812763
0.807074
0.778947
0.792935
0.811754
0.836689
0.881022
0.827294
0.793514
0.832306
0.770921
0.797550
0.795056
0.797727
0.828007
0.799172
0.811712
0.828800
0.791798
0.784320
0.817612
0.804443
0.813220
0.797889
0.792649
0.805057
0.847344
0.817098
0.776832
0.789374
0.802707
0.802341
0.809074
0.835361
0.818265
0.803359
0.804724
0.789876
0.807600
0.775250
0.814323
0.789280
0.824000
0.804004
0.799951
0.797966
0.811166
0.813535
0.809154
0.789539
0.793298
0.773654
0.795695
0.795552
0.798486
0.803723
0.801499
0.776719
0.793024
0.807378
0.802021
0.801032
0.807061
0.792266
0.789359
0.809858
0.817550
0.801522
0.785168
0.809402
0.814762
0.811698
0.800519
0.818499
0.801000
0.820040
0.797934
0.795583
0.803049
0.799692
0.780691
0.806902
0.802618
0.806746
0.791674
0.802660
0.822464
0.791192
0.816533
0.798024
0.793262
0.792586
0.791988
0.820205
0.824141
0.809993
0.797025
0.825712
0.795790
0.813918
0.821220
0.800067
0.799982
0.827320
0.828868
0.789341
0.821716
0.804449
0.816341
0.812421
0.797288
0.791217
0.816799
0.787948
0.796124
0.803518
0.787250
0.802542
0.787933
0.794099
0.800385
0.804739
0.796399
0.816218
0.799244
0.826660
0.821199
0.810062
0.796011
0.796567
0.823216
0.788974
0.803603
0.823813
0.796748
0.861250
0.838800
0.813048
0.797113
0.819437
0.780643
0.790574
0.787946
0.801760
0.781709
0.815413
0.807365
0.811432
0.803825
0.807533
0.815795
0.806455
0.805318
0.799628
0.811320
0.790976
0.800261
0.795590
0.808699
0.819342
0.806317
0.804351
0.788071
0.790242
0.814763
0.794805
0.820337
0.808686
0.789276
0.783542
0.789257
0.805892
0.819600
0.808096
0.795275
0.798726
0.803376
0.809910
0.796946
0.804639
0.795190
0.815219
0.828081
0.804610
0.782920
0.814124
0.791219
0.802042
0.809328
0.797510
0.791500
0.806929
0.805404
0.812854
0.804380
0.809554
0.806752
0.796019
0.803023
0.849003
0.805483
0.807467
0.819605
0.802037
0.800045
0.818514
0.800534
0.806199
0.796498
0.805311
0.803441
0.798416
0.815025
0.803972
0.790519
0.810209
0.813248
0.828311
0.807219
0.817848
0.846670
0.826912
0.818406
0.797050
0.816772
0.789738
0.834850
0.797002
0.786726
0.806590
0.805964
0.830443
0.835537
0.796306
0.794913
0.807484
0.804967
0.791022
0.831387
0.806169
0.813525
0.806094
0.812269
0.799472
0.791113
0.798495
0.798636
0.789741
0.819010
0.793300
0.797300
0.807191
0.782379
0.793133
0.812683
0.801190
0.787043
0.805671
0.788649
0.821794
0.796960
0.795473
0.831284
0.816031
0.846477
0.810744
0.806564
0.804985
0.796951
0.791778
0.808056
0.789333
0.799211
0.790256
0.803326
0.795766
0.783756
0.800123
0.790628
0.808413
0.783663
0.814194
0.787408
0.797541
0.819117
0.810364
0.813311
0.808119
0.802617
0.797134
0.792080
0.790173
0.798127
0.811348
0.799259
0.802239
0.815268
0.804353
0.787287
0.843802
0.827978
0.796142
0.810482
0.804501
0.788739
0.807835
0.810910
0.779863
0.817770
0.819259
0.787106
0.810308
0.814825
0.799823
0.806112
0.795812
0.797866
0.793781
0.810042
0.810458
0.794244
0.793481
0.798110
0.798903
0.799270
0.798812
0.811547
0.796004
0.817490
0.831707
0.828028
0.790002
0.813457
0.810908
0.791051
0.814139
0.802266
0.820761
0.810738
0.829103
0.852361
0.812085
0.813182
0.792513
0.809389
0.807598
0.807539
0.796504
0.822758
0.792427
0.789497
0.834146
0.796189
0.820133
0.813180
0.796406
0.798840
0.820479
0.810393
0.808809
0.828291
0.797884
0.826749
0.813083
0.794629
0.796624
0.827797
0.809036
0.800135
0.812372
0.803627
0.816383
0.801574
0.815820
0.798142
0.797380
0.879620
0.809590
0.810935
0.799202
0.799235
0.790575
0.803470
0.802157
0.853382
0.817073
0.814014
0.811935
0.811374
0.799452
0.816010
0.799560
0.794017
0.786725
0.792273
0.792411
0.840187
0.801004
0.810427
0.784797
0.797221
0.787586
0.813932
0.806049
0.809755
0.804162
0.799337
0.799281
0.786103
0.806115
0.801923
0.799836
0.803660
0.793385
0.809375
0.878162
0.805815
0.809040
0.808975
0.790116
0.806037
0.801555
0.818122
0.778157
0.808100
0.794339
0.812665
0.827275
0.807095
0.790563
0.825707
0.812992
0.775036
0.810084
0.791884
0.805133
0.807825
0.786788
0.807841
0.818896
0.802606
0.794562
0.805118
0.809522
0.812549
0.831429
0.805723
0.791006
0.780228
0.806642
0.833467
0.808395
0.792638
0.793301
0.823878
0.790013
0.796962
0.821952
0.778851
0.795708
0.782027
0.799750
0.794144
0.832570
0.823805
