0.003051
0.003237
0.003425
0.003087
0.003157
0.046956
0.003376
0.003247
0.004162
0.004044
0.003121
0.003073
0.003434
0.003396
0.003073
0.003222
0.003021
0.003019
0.002972
0.003165
0.003413
0.003407
0.003100
0.003112
0.003011
0.003241
0.003171
0.003759
0.044805
0.003126
0.002964
0.003077
0.003067
0.003204
0.003206
0.003394
0.002701
0.003093
0.003268
0.003435
0.003244
0.043780
0.003155
0.047097
0.003125
0.003933
0.003010
0.003230
0.003848
0.002953
0.004888
0.046632
0.001638
0.003462
0.003061
0.002997
0.003773
0.003377
0.003841
0.003479
0.003141
0.003113
0.003031
0.003133
0.002954
0.003068
0.002852
0.003101
0.003076
0.003035
0.002915
0.002947
0.003105
0.003045
0.003098
0.003361
0.004523
0.003019
0.003107
0.003409
0.003239
0.003132
0.003167
0.003147
0.003014
0.003866
0.003323
0.002968
0.003153
0.003263
0.002996
0.003128
0.003225
0.003067
0.003242
0.003097
0.003258
0.003198
0.002995
0.003065
0.003806
0.003511
0.003325
0.003140
0.003226
0.045924
0.003126
0.003111
0.003231
0.003266
0.004366
0.044298
0.004225
0.003098
0.003023
0.003093
0.003708
0.003104
0.002945
0.003317
0.003048
0.003088
0.002941
0.003080
0.003058
0.003089
0.003199
0.003143
0.043541
0.003258
0.002969
0.003118
0.003286
0.003193
0.003170
0.002995
0.003248
0.003297
0.002996
0.003111
0.003123
0.002869
0.005424
0.003473
0.046183
0.003177
0.002963
0.003158
0.006872
0.003125
0.003013
0.003215
0.003166
0.046941
0.046561
0.003042
0.003390
0.003790
0.003163
0.003076
0.003317
0.003222
0.003093
0.003151
0.004354
0.003009
0.003268
0.002977
0.002968
0.003010
0.003152
0.002991
0.003010
0.003119
0.003054
0.002959
0.002981
0.002910
0.004206
0.003491
0.003223
0.003126
0.002987
0.003014
0.003143
0.002866
0.003114
0.003237
0.003255
0.003059
0.003085
0.002889
0.003141
0.003244
0.003290
0.046533
0.003114
0.003131
0.003189
0.004399
0.002980
0.047621
0.003198
0.003279
0.003176
0.003245
0.002996
0.003106
0.003108
0.004436
0.003004
0.003101
0.003120
0.003446
0.003416
0.003929
0.003193
0.003003
0.002779
0.003067
0.003047
0.003076
0.002956
0.003271
0.002975
0.045821
0.003948
0.003329
0.003262
0.003362
0.003003
0.003057
0.003071
0.002894
0.003989
0.003536
0.003153
0.003958
0.046471
0.003157
0.003003
0.003106
0.003056
0.003085
0.003118
0.003173
0.002957
0.003080
0.002877
0.003082
0.003113
0.003452
0.003744
0.045278
0.003072
0.003343
0.003143
0.003270
0.003126
0.003472
0.003341
0.003359
0.046058
0.003104
0.003132
0.002996
0.003216
0.003122
0.003699
0.003308
0.044116
0.044825
0.003013
0.003254
0.003156
0.003087
0.003197
0.003191
0.003123
0.003639
0.003000
0.003162
0.003147
0.003292
0.002970
0.003137
0.003178
0.003123
0.003216
0.003023
0.003427
0.003106
0.003005
0.003088
0.003092
0.003333
0.002969
0.003066
0.003441
0.003130
0.003181
0.003267
0.003089
0.003656
0.003103
0.003251
0.003098
0.002953
0.002999
0.003304
0.003218
0.003125
0.002898
0.003079
0.003100
0.003064
0.003056
0.045109
0.003310
0.003078
0.002936
0.003147
0.003244
0.003273
0.003105
0.001166
0.002979
0.003046
0.003156
0.003104
0.043885
0.003197
0.003110
0.002943
0.002985
0.014149
0.003020
0.003116
0.003073
0.002973
0.003233
0.003333
0.003205
0.002983
0.003947
0.003342
0.003178
0.003608
0.003013
0.003572
0.003003
0.003015
0.003116
0.003835
0.003189
0.003039
0.002982
0.003231
0.002996
0.003014
0.003109
0.004499
0.004420
0.003586
0.003197
0.003159
0.002984
0.003031
0.004759
0.003126
0.003112
0.002975
0.002961
0.003394
0.005990
0.003722
0.005928
0.002883
0.003700
0.003092
0.046622
0.003019
0.003123
0.003154
0.003887
0.003065
0.003109
0.003220
0.003214
0.003079
0.003007
0.003060
0.003210
0.004090
0.003061
0.003114
0.003053
0.002887
0.003035
0.003042
0.003149
0.003043
0.003141
0.003390
0.003187
0.003152
0.003186
0.003664
0.003106
0.003517
0.003079
0.003388
0.003121
0.045195
0.003168
0.002947
0.003177
0.044395
0.003342
0.003103
0.003072
0.003127
0.003073
0.003388
0.003162
0.002945
0.003266
0.003613
0.003757
0.046267
0.002973
0.002573
0.001871
0.003329
0.002973
0.004093
0.002830
0.003227
0.003229
0.002985
0.002959
0.003024
0.003025
0.004078
0.003164
0.003244
0.003066
0.003594
0.003047
0.003047
0.003128
0.003071
0.003011
0.002937
0.003245
0.003285
0.003011
0.003096
0.003399
0.003106
0.001147
0.003036
0.003094
0.003009
0.003044
0.005002
0.002919
0.003070
0.003184
0.043569
0.005241
0.003080
0.003146
0.004079
0.003233
0.002968
0.044335
0.002951
0.003058
0.003002
0.003061
0.003291
0.003495
0.002996
0.003076
0.003025
0.003178
0.003033
0.003279
0.003177
0.003028
0.003051
0.003007
0.003010
0.003152
0.003453
0.003032
0.004202
0.003087
0.003050
0.003485
0.003099
0.002984
0.002986
0.046286
0.003296
0.003115
0.003180
0.003377
0.003335
0.003039
0.003205
0.003694
0.004284
0.003137
0.003177
0.003048
0.003187
0.002976
0.003057
0.004289
0.003256
0.003589
0.004155
0.003277
0.003056
0.003067
0.003053
0.003156
0.002922
0.002865
0.003270
0.003783
0.003672
0.003077
0.002993
0.003013
0.003061
0.003019
0.003027
0.003147
0.003077
0.002955
0.003035
0.003252
0.002939
0.046684
0.045332
0.003139
0.046415
0.003312
0.003260
0.002971
0.003213
0.003021
0.003250
0.003620
0.043082
0.003863
0.003081
0.003060
0.003278
0.003128
0.003305
0.003199
0.002928
0.004107
0.003406
0.003293
0.003003
0.003191
0.003013
0.003082
0.002903
0.003243
0.003421
0.003311
0.003060
0.003067
0.002937
0.004104
0.003009
0.002973
0.044559
0.003299
0.002907
0.002956
0.002375
0.046600
0.003246
0.003482
0.003014
0.003297
0.003468
0.003097
0.004537
0.003759
0.003083
0.003188
0.002977
0.003226
0.004571
0.003016
0.002993
0.003110
0.046710
0.002876
0.003021
0.003749
0.003102
0.046335
0.003185
0.003094
0.002965
0.003190
0.004467
0.003128
0.003303
0.003064
0.003078
0.003014
0.003278
0.045017
0.004413
0.003109
0.003123
0.045538
0.003208
0.003078
0.003046
0.003035
0.002955
0.003075
0.003009
0.002954
0.003113
0.003097
0.003030
0.003376
0.003086
0.003124
0.003091
0.002780
0.003181
0.003116
0.003088
0.003117
0.003024
0.003140
0.003122
0.002746
0.003049
0.003174
0.003992
0.003015
0.004335
0.002985
0.003556
0.003138
0.003110
0.003288
0.003153
0.003057
0.003160
0.003500
0.003044
0.003044
0.003810
0.003302
0.003270
0.003612
0.002972
0.003089
0.003016
0.002952
0.003127
0.003147
0.003344
0.003051
0.003261
0.003024
0.002989
0.003060
0.003054
0.043724
0.001786
0.003144
0.003102
0.003392
0.003026
0.003079
0.003193
0.046474
0.003037
0.003017
0.002889
0.003163
0.043792
0.003902
0.003099
0.004060
0.003298
0.005554
0.002935
0.045770
0.003103
0.003263
0.003041
0.044779
0.003194
0.003010
0.003094
0.045589
0.045381
0.044686
0.003558
0.003346
0.003141
0.003231
0.003474
0.003114
0.003368
0.003018
0.003199
0.003018
0.002993
0.003161
0.003350
0.003008
0.003315
0.004357
0.003158
0.003352
0.003167
0.003077
0.003020
0.003228
0.003145
0.003111
0.003182
0.003061
0.043750
0.003017
0.003147
0.003212
0.003170
0.003218
0.003130
0.003005
0.003072
0.003268
0.003215
0.003087
0.003044
0.004425
0.003025
0.004058
0.002921
0.003031
0.003107
0.003213
0.003086
0.003043
0.003021
0.003383
0.003054
0.003075
0.003651
0.002940
0.003100
0.002865
0.003102
0.003425
0.003269
0.005129
0.003106
0.046603
0.003122
0.003027
0.043338
0.003199
0.004157
0.003111
0.003097
0.003623
0.003282
0.003124
0.003185
0.003551
0.002968
0.003213
0.004937
0.003233
0.003218
0.003203
0.003487
0.003744
0.003040
0.003384
0.002926
0.003197
0.002942
0.003562
0.003250
0.003801
0.003182
0.003546
0.002948
0.003657
0.002984
0.003075
0.003158
0.003783
0.003020
0.003061
0.003144
0.003164
0.003118
0.003078
0.002868
0.003077
0.003369
0.003109
0.003087
0.003098
0.003184
0.002989
0.003050
0.003156
0.044316
0.003041
0.003853
0.003078
0.002991
0.003175
0.003072
0.003049
0.003082
0.004682
0.003029
0.002966
0.003168
0.003232
0.003156
0.003095
0.003005
0.003326
0.003170
0.003140
0.003136
0.003139
0.003112
0.003017
0.003139
0.003133
0.003255
0.043343
0.003114
0.003091
0.003172
0.003689
0.003203
0.004179
0.003148
0.003084
0.003391
0.043659
0.003577
0.003109
0.003009
0.003105
0.004452
0.003092
0.004514
0.003268
0.003037
0.003187
0.002999
0.003200
0.003008
0.003055
0.003144
0.003304
0.003105
0.003434
0.003121
0.002933
0.002982
0.002913
0.003039
0.003022
0.003093
0.003000
0.003330
0.003059
0.045310
0.003509
0.003180
0.003267
0.003067
0.003573
0.003230
0.002968
0.003798
0.003115
0.003131
0.003107
0.003140
0.003180
0.002989
0.003519
0.003064
0.003179
0.003618
0.003046
0.003163
0.003152
0.003042
0.002965
0.003061
0.003088
0.003144
0.003194
0.043993
0.003144
0.003260
0.005160
0.003057
0.003034
0.003003
0.003100
0.003146
0.003008
0.003073
0.003140
0.003517
0.003484
0.003098
0.003453
0.003149
0.003200
0.003031
0.003049
0.002973
0.003304
0.003086
0.003144
0.003265
0.002974
0.003190
0.003614
0.045821
0.003097
0.003089
0.003569
0.003194
0.003081
0.003118
0.003973
0.003182
0.002946
0.003179
0.004228
0.003203
0.003598
0.003150
0.003169
0.002989
0.003028
0.044192
0.003048
0.003338
0.043071
0.002877
0.003986
0.003085
0.003045
0.003255
0.003397
0.003044
0.003184
0.003582
0.003184
0.046571
0.003707
0.003096
0.002946
0.003362
0.003247
0.003708
0.003086
0.002982
0.045095
0.044243
0.003253
0.003237
0.003727
0.003727
0.003183
0.003095
