2.248045
1.902519
1.536671
1.204653
0.852630
0.563004
0.504772
0.505382
0.522735
0.504271
0.493008
0.496763
0.494597
0.503884
0.519340
0.508709
0.505296
0.505528
0.500450
0.491580
0.497730
0.505294
0.493333
0.504161
0.501383
0.503250
0.589419
0.516426
0.538842
0.504629
0.494116
0.499345
0.496437
0.494508
0.519217
0.503407
0.502015
0.513422
0.498722
0.501250
0.568146
0.539759
0.495889
0.555454
0.511795
0.520348
0.496901
0.503768
0.520590
0.495438
0.502467
0.545854
0.511505
0.506261
0.508101
0.512877
0.509383
0.508142
0.507799
0.488317
0.493956
0.503121
0.510715
0.494731
0.499629
0.518291
0.499287
0.492206
0.515697
0.492947
0.493870
0.502111
0.498587
0.501050
0.515119
0.525006
0.500130
0.506384
0.504858
0.507362
0.494628
0.496671
0.494297
0.495335
0.503057
0.501479
0.496405
0.486379
0.517634
0.511307
0.493350
0.492402
0.511824
0.491009
0.492759
0.521303
0.517893
0.557095
0.499156
0.492329
0.520009
0.569150
0.511631
0.513659
0.532916
0.541312
0.514189
0.504653
0.523137
0.498151
0.515357
0.533930
0.494527
0.504175
0.493054
0.510938
0.496284
0.500165
0.486992
0.498883
0.498413
0.496052
0.506586
0.493003
0.497265
0.499146
0.556923
0.508306
0.530995
0.578237
0.492927
0.510804
0.514138
0.505593
0.508715
0.507091
0.510985
0.502100
0.490211
0.490270
0.496263
0.496747
0.501127
0.509391
0.540462
0.505651
0.497539
0.514422
0.508828
0.496855
0.492321
0.486006
0.485145
0.538312
0.539954
0.510741
0.517369
0.510348
0.512760
0.491806
0.492892
0.499604
0.543716
0.509726
0.513669
0.502935
0.510185
0.496912
0.507420
0.508201
0.505211
0.491107
0.497663
0.491373
0.497461
0.515050
0.506477
0.508842
0.511325
0.519544
0.520978
0.497366
0.506706
0.544389
0.505079
0.497410
0.497024
0.492961
0.520911
0.492760
0.511180
0.498262
0.492479
0.500148
0.500144
0.567629
0.509769
0.513512
0.493883
0.537985
0.498810
0.581587
0.528684
0.511944
0.492591
0.515086
0.505233
0.507482
0.508202
0.508889
0.500965
0.493010
0.492112
0.501156
0.507093
0.517576
0.502741
0.505917
0.492338
0.493687
0.499416
0.496700
0.503809
0.493007
0.506791
0.567455
0.554383
0.509051
0.533784
0.502149
0.496188
0.517669
0.501309
0.484167
0.502597
0.504060
0.495835
0.499148
0.539616
0.500409
0.509847
0.495959
0.490356
0.501561
0.511574
0.515530
0.500752
0.504775
0.502709
0.493587
0.495055
0.490369
0.493519
0.527673
0.505604
0.520664
0.508588
0.502883
0.497286
0.524764
0.497213
0.500207
0.563462
0.496158
0.487505
0.496698
0.494836
0.487528
0.564235
0.513311
0.542267
0.543445
0.498744
0.500900
0.498814
0.496222
0.500445
0.510655
0.497280
0.505551
0.495174
0.524761
0.530518
0.502003
0.502469
0.506368
0.497580
0.488472
0.506186
0.503672
0.492870
0.492228
0.501800
0.488638
0.496109
0.548733
0.512512
0.504635
0.501855
0.504428
0.494444
0.523039
0.490007
0.492318
0.498991
0.494722
0.503366
0.495690
0.537901
0.501306
0.488653
0.504589
0.493818
0.494127
0.498157
0.514734
0.501750
0.552899
0.496000
0.510720
0.506901
0.545309
0.509859
0.506353
0.500204
0.540456
0.506333
0.499353
0.494493
0.490137
0.551858
0.495325
0.492107
0.497237
0.489356
0.530213
0.521852
0.511043
0.497040
0.490978
0.509244
0.507104
0.505560
0.485675
0.496395
0.493553
0.504100
0.507222
0.510122
0.499396
0.487352
0.538374
0.514702
0.523457
0.496234
0.496800
0.493439
0.494130
0.527043
0.514054
0.504059
0.518248
0.494958
0.554904
0.505489
0.489797
0.507376
0.498465
0.508346
0.509939
0.529966
0.503849
0.493703
0.489230
0.535007
0.568689
0.522221
0.506123
0.489822
0.503276
0.552103
0.514440
0.509574
0.503289
0.498591
0.486873
0.500775
0.495904
0.513553
0.510223
0.505164
0.495692
0.502129
0.489016
0.500333
0.506194
0.495943
0.505529
0.520916
0.510232
0.504726
0.498425
0.501657
0.502021
0.489767
0.489296
0.490460
0.504279
0.520400
0.504170
0.496274
0.547802
0.505372
0.534647
0.530168
0.507504
0.519755
0.544799
0.503542
0.500610
0.502146
0.517054
0.505127
0.498479
0.480212
0.503984
0.503820
0.506948
0.508840
0.558594
0.512988
0.491141
0.505805
0.502953
0.493030
0.521009
0.512234
0.485655
0.497680
0.497748
0.494507
0.508171
0.500874
0.512575
0.493340
0.509660
0.495623
0.500024
0.496275
0.501003
0.502042
0.511750
0.504111
0.493279
0.528659
0.503838
0.512430
0.509780
0.495676
0.492819
0.509430
0.500826
0.490150
0.509115
0.495327
0.513851
0.497185
0.513121
0.527119
0.542813
0.527495
0.494793
0.533466
0.499888
0.511479
0.502768
0.534606
0.504206
0.501300
0.489372
0.497986
0.529953
0.495962
0.503925
0.504223
0.489169
0.507854
0.488257
0.500310
0.486602
0.498676
0.493216
0.514762
0.500638
0.514493
0.509691
0.499115
0.503480
0.506328
0.504605
0.553746
0.509819
0.506313
0.512100
0.544125
0.512894
0.505345
0.520565
0.510468
0.526289
0.500980
0.499433
0.505370
0.504507
0.500141
0.497610
0.505349
0.489514
0.514272
0.514996
0.501781
0.512804
0.495328
0.490157
0.498359
0.504555
0.514457
0.500827
0.506086
0.513540
0.492798
0.487034
0.501309
0.512439
0.525703
0.497404
0.498924
0.501587
0.491825
0.500202
0.507312
0.504185
0.507913
0.496630
0.500765
0.498498
0.540119
0.557244
0.497752
0.544176
0.502948
0.502430
0.506641
0.491525
0.556920
0.506101
0.493717
0.529420
0.518393
0.510693
0.497981
0.509874
0.503945
0.499739
0.508757
0.497813
0.517994
0.503906
0.508865
0.506451
0.516826
0.498992
0.506864
0.495745
0.492236
0.505030
0.503612
0.498054
0.492685
0.503441
0.518145
0.495395
0.489923
0.534422
0.503003
0.493291
0.512375
0.516858
0.548690
0.503909
0.503540
0.491266
0.502756
0.518163
0.510605
0.507782
0.512857
0.555991
0.508628
0.508937
0.502975
0.528490
0.505588
0.502226
0.490552
0.543210
0.498224
0.494901
0.489573
0.496511
0.540167
0.506436
0.501670
0.503922
0.509746
0.507153
0.522213
0.499725
0.500405
0.501745
0.502410
0.512391
0.536582
0.490588
0.497013
0.509249
0.539356
0.520735
0.483163
0.498799
0.496690
0.499908
0.495871
0.519013
0.492674
0.495729
0.506969
0.500455
0.502029
0.556363
0.556206
0.494984
0.489505
0.502370
0.519417
0.490545
0.498081
0.500144
0.505939
0.517228
0.518036
0.505666
0.491704
0.498847
0.525893
0.501270
0.501248
0.515137
0.499558
0.501427
0.506439
0.504013
0.490009
0.499543
0.514270
0.495591
0.495421
0.505421
0.486369
0.509227
0.493931
0.494628
0.495859
0.507253
0.491007
0.526904
0.505430
0.499452
0.495977
0.501647
0.503790
0.489968
0.500283
0.500571
0.544217
0.510846
0.494125
0.499450
0.501261
0.496365
0.503610
0.524260
0.533289
0.537468
0.506449
0.505920
0.490700
0.532003
0.537717
0.531462
0.547178
0.534235
0.494535
0.498013
0.537587
0.510316
0.520963
0.500031
0.535534
0.505372
0.496372
0.505228
0.538498
0.537675
0.566559
0.531942
0.508749
0.507059
0.512486
0.516909
0.512014
0.505025
0.498715
0.490209
0.509887
0.567983
0.498620
0.491906
0.497632
0.497501
0.503730
0.497685
0.495733
0.496732
0.562876
0.503885
0.491394
0.500662
0.504540
0.506370
0.517398
0.560430
0.504306
0.494300
0.506607
0.490075
0.515957
0.503514
0.496539
0.492571
0.507279
0.509915
0.500289
0.506084
0.482811
0.495259
0.501087
0.500719
0.509314
0.526127
0.515024
0.489879
0.505534
0.500703
0.496931
0.495316
0.497680
0.528474
0.505183
0.500152
0.497256
0.499862
0.503700
0.515797
0.522659
0.495734
0.542527
0.516000
0.494006
0.550687
0.507407
0.504043
0.566610
0.503421
0.494646
0.496962
0.499734
0.507282
0.502067
0.490884
0.483857
0.497361
0.504620
0.505179
0.500936
0.512274
0.491459
0.494125
0.496828
0.523228
0.498562
0.506643
0.497685
0.506968
0.497140
0.499763
0.493050
0.503721
0.508295
0.498180
0.497318
0.490560
0.517789
0.516223
0.502852
0.508582
0.492530
0.489270
0.503169
0.500420
0.522125
0.510709
0.497630
0.507775
0.496833
0.495815
0.518974
0.525014
0.514492
0.539276
0.501520
0.586843
0.502898
0.494638
0.515084
0.497160
0.485298
0.497745
0.506362
0.575418
0.503299
0.506762
0.498407
0.508235
0.520776
0.498840
0.515850
0.493621
0.500916
0.486275
0.488259
0.497861
0.516606
0.502762
0.515075
0.516390
0.548511
0.504087
0.508737
0.501550
0.497066
0.514108
0.498741
0.511580
0.503426
0.519628
0.545168
0.502468
0.509705
0.491884
0.514315
0.500064
0.526123
0.521045
0.499892
0.504823
0.499919
0.491300
0.504662
0.522208
0.496931
0.507588
0.504339
0.506379
0.523763
0.507787
0.494691
0.534085
0.493902
0.533723
0.496370
0.491142
0.506754
0.497743
0.498275
0.545194
0.567669
0.497932
0.502257
0.513274
0.511071
0.499759
0.499818
0.491423
0.493427
0.496534
0.502171
0.492896
0.505824
0.514699
0.509739
0.497365
0.502197
0.503877
0.515224
0.498856
0.496312
0.488351
0.487247
0.522553
0.490678
0.488442
0.502251
0.548334
0.503821
0.508927
0.513854
0.502956
0.520743
0.506757
0.513685
0.500459
0.506484
0.500974
0.504542
0.507757
0.493283
0.495047
0.494916
0.499741
0.495913
0.502071
0.514367
0.500264
0.499306
0.499221
0.537260
0.512399
0.493278
0.503506
0.505805
0.541328
0.513587
0.561851
0.516725
0.506651
0.494241
0.499107
0.517400
0.555165
0.514778
0.497572
0.513401
0.503764
0.507738
0.498748
0.500159
0.488959
0.572827
0.538850
0.500733
0.502645
0.541329
0.494591
0.493095
0.507200
0.497641
0.497310
0.515262
0.492710
0.524206
0.553130
0.501686
0.536587
0.493230
0.521655
0.488418
0.496940
0.494002
0.518640
0.499987
0.495784
0.538683
0.543337
0.507164
0.510158
0.499179
0.507556
0.520721
0.506855
