0.085270
0.083492
0.083935
0.085997
0.083643
0.083232
0.085801
0.085436
0.085265
0.085498
0.086534
0.086450
0.085781
0.087609
0.087041
0.085551
0.089640
0.090727
0.087363
0.095151
0.088245
0.086077
0.084031
0.126953
0.084246
0.084816
0.099597
0.084084
0.084903
0.097887
0.084359
0.085186
0.086581
0.092624
0.084330
0.083275
0.083869
0.086437
0.087810
0.085217
0.084274
0.086451
0.083790
0.089223
0.086556
0.085468
0.086600
0.084359
0.086443
0.085077
0.086684
0.083033
0.084150
0.111151
0.085608
0.089471
0.087181
0.083397
0.083892
0.085199
0.084540
0.084028
0.083416
0.087793
0.089614
0.084209
0.088964
0.084598
0.086887
0.084612
0.084590
0.085895
0.087900
0.097066
0.086106
0.084151
0.083688
0.085300
0.084586
0.082806
0.086612
0.083355
0.083746
0.083504
0.085609
0.084783
0.085038
0.084607
0.085209
0.084776
0.089692
0.083552
0.087750
0.093733
0.085356
0.086842
0.084706
0.092084
0.087837
0.088316
0.083720
0.086315
0.085347
0.086397
0.085394
0.084578
0.084797
0.088183
0.086188
0.084151
0.087393
0.084798
0.084180
0.086149
0.083253
0.084145
0.085432
0.084481
0.083476
0.090295
0.090091
0.091186
0.083403
0.087674
0.085422
0.084076
0.083876
0.084530
0.087520
0.085928
0.093520
0.084590
0.084773
0.094036
0.085429
0.087659
0.083335
0.084076
0.084459
0.083617
0.085536
0.083437
0.088155
0.083791
0.087319
0.085547
0.096745
0.084233
0.085112
0.083297
0.085526
0.083622
0.085140
0.085558
0.088621
0.084268
0.085260
0.083872
0.084020
0.093124
0.090256
0.090243
0.090222
0.083607
0.084521
0.083894
0.131279
0.086602
0.087258
0.083351
0.095866
0.086587
0.086665
0.084023
0.085185
0.087854
0.084885
0.086065
0.084322
0.089404
0.094147
0.083809
0.087117
0.085682
0.084896
0.083902
0.083482
0.086486
0.083329
0.083957
0.083937
0.084775
0.085802
0.083577
0.087878
0.084389
0.084567
0.084737
0.090457
0.084175
0.084148
0.086191
0.085768
0.087779
0.086643
0.084855
0.089599
0.088578
0.084805
0.084953
0.084355
0.087854
0.085851
0.087895
0.086276
0.088704
0.083534
0.088773
0.085169
0.085808
0.083259
0.087361
0.096500
0.103923
0.084055
0.085334
0.083974
0.092672
0.083859
0.084069
0.088017
0.084269
0.087508
0.087570
0.086068
0.084857
0.084184
0.083640
0.085156
0.083490
0.084785
0.085870
0.092195
0.084141
0.086743
0.085346
0.086357
0.084718
0.083885
0.084848
0.086004
0.088087
0.092216
0.084168
0.093342
0.088273
0.091530
0.090389
0.083839
0.089486
0.084150
0.084687
0.089456
0.084858
0.084666
0.083697
0.087819
0.086106
0.089979
0.085775
0.086097
0.086071
0.085957
0.086817
0.089336
0.083722
0.085919
0.083865
0.086532
0.086700
0.089315
0.085552
0.087088
0.088789
0.084267
0.090470
0.088725
0.086373
0.085514
0.084549
0.086484
0.090128
0.087135
0.088646
0.086120
0.086087
0.087158
0.085780
0.084371
0.100593
0.085468
0.100157
0.084165
0.083176
0.084991
0.086134
0.084776
0.084556
0.142361
0.083821
0.094472
0.084789
0.082884
0.086575
0.084791
0.083830
0.103549
0.084195
0.085006
0.087091
0.085909
0.084476
0.093794
0.084621
0.084463
0.083906
0.088281
0.087198
0.084302
0.089194
0.085238
0.084876
0.083613
0.085836
0.084416
0.084850
0.086060
0.087634
0.086224
0.085224
0.086272
0.087531
0.085877
0.086815
0.087666
0.085900
0.083836
0.086671
0.096210
0.087005
0.086102
0.085908
0.085326
0.085746
0.085868
0.084284
0.083552
0.085377
0.084417
0.090825
0.084622
0.089558
0.084154
0.086155
0.087240
0.084656
0.137535
0.088118
0.083423
0.090463
0.084618
0.092200
0.085197
0.086994
0.096760
0.092228
0.084177
0.085067
0.083989
0.097294
0.088696
0.085502
0.084805
0.085064
0.085526
0.090948
0.084846
0.085090
0.089270
0.091048
0.085212
0.087685
0.086289
0.083254
0.084260
0.085029
0.083229
0.083825
0.085091
0.087496
0.084921
0.085668
0.086375
0.084693
0.086365
0.085368
0.092504
0.084485
0.088132
0.084188
0.088349
0.088669
0.085665
0.087650
0.089101
0.083844
0.085468
0.084569
0.087584
0.085784
0.090864
0.087190
0.087550
0.085000
0.084528
0.083751
0.084745
0.088232
0.084985
0.094139
0.087979
0.084544
0.086413
0.084935
0.084517
0.084534
0.083293
0.084455
0.087180
0.092674
0.093986
0.084989
0.087059
0.085112
0.085691
0.084025
0.085746
0.086874
0.087469
0.088885
0.087126
0.083885
0.084544
0.098569
0.151686
0.087915
0.085591
0.088189
0.083417
0.084201
0.085079
0.083175
0.086755
0.084958
0.084265
0.084358
0.087964
0.085146
0.095647
0.090259
0.083884
0.088594
0.085118
0.083486
0.085617
0.084779
0.088668
0.083916
0.094685
0.084875
0.083835
0.098782
0.084366
0.086097
0.085745
0.084984
0.092559
0.085177
0.084675
0.085068
0.087448
0.084545
0.086175
0.085297
0.101359
0.083533
0.086341
0.084801
0.085131
0.088108
0.093072
0.083749
0.087549
0.084779
0.088794
0.087447
0.085397
0.095906
0.084088
0.085737
0.084775
0.091147
0.089429
0.083784
0.085057
0.091847
0.084170
0.086711
0.085722
0.084534
0.084634
0.085734
0.085440
0.083453
0.083793
0.091573
0.089207
0.094483
0.088596
0.085289
0.084716
0.087987
0.084761
0.086004
0.084866
0.086399
0.084793
0.083478
0.084027
0.085253
0.083726
0.086565
0.095247
0.139369
0.085339
0.084013
0.084268
0.087600
0.090767
0.085591
0.082841
0.086225
0.086920
0.085461
0.087009
0.084498
0.090806
0.084394
0.085227
0.088314
0.087624
0.098254
0.085499
0.083116
0.083654
0.084054
0.086025
0.086864
0.089358
0.085909
0.084141
0.092414
0.086706
0.085843
0.085351
0.082932
0.085091
0.085080
0.087248
0.083177
0.084684
0.086832
0.086390
0.088052
0.083654
0.090736
0.084950
0.084148
0.086311
0.087672
0.085969
0.084274
0.088010
0.083195
0.084353
0.088721
0.088238
0.084108
0.086813
0.091023
0.084467
0.085855
0.087128
0.083223
0.084661
0.085959
0.087038
0.083022
0.084896
0.085255
0.083483
0.084319
0.088898
0.090852
0.083538
0.097606
0.090013
0.084992
0.084925
0.085693
0.083388
0.085881
0.085242
0.086662
0.085462
0.084601
0.086498
0.085947
0.087064
0.085463
0.092582
0.087320
0.085196
0.095479
0.085747
0.085728
0.084051
0.086398
0.084466
0.088947
0.085059
0.092512
0.097360
0.087107
0.085293
0.084599
0.084872
0.085513
0.103315
0.085234
0.083637
0.086128
0.088374
0.085600
0.084359
0.088512
0.086272
0.082776
0.095707
0.085755
0.083784
0.084073
0.085928
0.085550
0.085254
0.117920
0.093124
0.082852
0.088106
0.085214
0.083726
0.083052
0.088210
0.083576
0.088051
0.086870
0.083733
0.083973
0.085811
0.084649
0.089167
0.086506
0.096947
0.085601
0.084289
0.084442
0.084952
0.085853
0.083932
0.087601
0.084478
0.084633
0.086103
0.083908
0.083047
0.085108
0.085556
0.084615
0.085529
0.083973
0.084678
0.096552
0.085211
0.085575
0.083909
0.086324
0.085529
0.083237
0.086403
0.083458
0.088942
0.085321
0.091003
0.084658
0.087761
0.083840
0.090234
0.088428
0.082869
0.110077
0.088404
0.086761
0.084424
0.090327
0.085952
0.086581
0.088248
0.089186
0.087208
0.089343
0.083653
0.083890
0.084208
0.083864
0.085438
0.083543
0.084858
0.100385
0.087983
0.084464
0.082125
0.085794
0.086072
0.084077
0.093290
0.085523
0.084219
0.084170
0.085005
0.084550
0.096373
0.086156
0.087828
0.084444
0.093189
0.092818
0.086861
0.085575
0.085281
0.086275
0.084757
0.085711
0.085182
0.086963
0.088630
0.087059
0.083284
0.084760
0.084715
0.086528
0.086117
0.083189
0.084713
0.084987
0.083970
0.090587
0.086423
0.083941
0.083492
0.085146
0.085133
0.086345
0.087287
0.084807
0.083701
0.083364
0.094937
0.085660
0.085447
0.084766
0.087456
0.091267
0.085386
0.086840
0.094445
0.087005
0.082462
0.085069
0.087332
0.086194
0.084309
0.084901
0.084467
0.084661
0.084552
0.085273
0.083842
0.083301
0.083979
0.085588
0.085852
0.085885
0.084477
0.092402
0.086777
0.087048
0.090024
0.084807
0.085327
0.084569
0.087210
0.088041
0.092010
0.084609
0.084935
0.083666
0.088121
0.085221
0.085927
0.085381
0.085193
0.085984
0.084808
0.084256
0.089397
0.086203
0.089775
0.084086
0.086971
0.090385
0.087143
0.090285
0.084347
0.096392
0.091648
0.084261
0.087693
0.088663
0.084025
0.085669
0.083273
0.087286
0.091120
0.087145
0.085046
0.088638
0.084080
0.085958
0.086559
0.087199
0.085497
0.085140
0.086672
0.084016
0.088265
0.086783
0.085823
0.088933
0.083312
0.085298
0.083073
0.086288
0.084685
0.090763
0.090738
0.086214
0.082996
0.097463
0.085334
0.095643
0.085824
0.091818
0.084018
0.091095
0.087925
0.085583
0.137816
0.084798
0.085753
0.085412
0.087175
0.086579
0.089961
0.083875
0.084340
0.089021
0.085132
0.086079
0.086374
0.085153
0.085721
0.087462
0.084720
0.085235
0.085913
0.082793
0.085501
0.086445
0.086476
0.084988
0.084656
0.085235
0.084016
0.093881
0.084403
0.085820
0.090692
0.086698
0.087769
0.083482
0.088219
0.086553
0.085422
0.083510
0.094785
0.085418
0.086424
0.096611
0.085708
0.084915
0.084078
0.082679
0.086807
0.085555
0.085488
0.084804
0.085739
0.087559
0.084615
0.083682
0.085485
0.084394
0.086754
0.089528
0.083505
0.085329
0.094061
0.084936
0.092711
0.091284
0.086005
0.094454
0.085356
0.086754
0.083739
0.085267
0.086460
0.083475
0.083431
0.097191
0.082972
0.084869
0.085738
0.088413
0.086433
0.086239
0.089855
0.085410
0.089446
0.086725
0.086436
0.085752
0.084431
0.084414
0.084057
0.083391
0.087208
0.091338
0.089886
0.086895
0.084836
0.083566
0.084145
0.087556
0.084485
0.083831
0.082591
0.090611
0.091481
0.092618
0.083268
0.083954
0.083951
0.084373
0.089271
0.083772
0.089721
0.084023
0.085228
0.084378
