0.340559
0.345227
0.340433
0.339658
0.337863
0.349801
0.333092
0.334482
0.346648
0.351220
0.344707
0.347305
0.346132
0.349016
0.356470
0.373463
0.351218
0.358898
0.353166
0.346606
0.348539
0.347662
0.347893
0.349056
0.344822
0.374140
0.342747
0.365336
0.341216
0.346756
0.348048
0.347266
0.351387
0.343067
0.356234
0.349355
0.349216
0.347037
0.357096
0.347947
0.343122
0.351892
0.344090
0.340212
0.351927
0.343243
0.348724
0.346106
0.352638
0.348939
0.347478
0.347071
0.344444
0.346447
0.357935
0.358356
0.348988
0.348297
0.341403
0.340629
0.340465
0.352965
0.340897
0.346913
0.339329
0.340594
0.342058
0.409273
0.349373
0.347816
0.347583
0.353480
0.354433
0.350510
0.352454
0.350133
0.348064
0.341997
0.344224
0.342110
0.403445
0.366192
0.342172
0.345288
0.347627
0.342929
0.349089
0.353428
0.349153
0.347649
0.348161
0.344318
0.366236
0.354744
0.371009
0.347409
0.340775
0.346123
0.338656
0.351726
0.345460
0.359889
0.358552
0.407616
0.345302
0.349445
0.339256
0.349134
0.347853
0.341964
0.358127
0.348723
0.346439
0.360774
0.348510
0.348749
0.337340
0.340345
0.343825
0.362956
0.354608
0.345725
0.339683
0.349458
0.364041
0.349435
0.337198
0.343923
0.341305
0.343471
0.348660
0.362532
0.351620
0.354447
0.375259
0.346381
0.349106
0.349842
0.329224
0.343973
0.349844
0.349151
0.345703
0.356469
0.357501
0.341118
0.347915
0.368889
0.354235
0.341366
0.345880
0.353219
0.347938
0.346321
0.342411
0.346314
0.332834
0.345016
0.349880
0.339317
0.344619
0.373456
0.338463
0.343304
0.341322
0.350878
0.344083
0.347608
0.350277
0.343474
0.342471
0.354095
0.345863
0.337068
0.361774
0.365193
0.341182
0.343191
0.342724
0.352324
0.347833
0.355555
0.346442
0.343655
0.344430
0.347436
0.359710
0.347041
0.350980
0.351816
0.341877
0.352094
0.351635
0.378671
0.351078
0.345890
0.343580
0.341325
0.351737
0.347710
0.350004
0.356113
0.379311
0.347419
0.407325
0.343567
0.342597
0.348242
0.340683
0.361402
0.345243
0.345163
0.343634
0.345275
0.353278
0.361719
0.343506
0.347436
0.339661
0.348070
0.341222
0.350457
0.348779
0.343997
0.340932
0.361285
0.349988
0.342294
0.349018
0.358608
0.343754
0.351476
0.354406
0.366459
0.362637
0.364308
0.344857
0.343325
0.361413
0.355848
0.341298
0.359273
0.360403
0.347381
0.344812
0.349366
0.364193
0.350617
0.352846
0.354905
0.346315
0.350347
0.335708
0.366445
0.350445
0.355288
0.348009
0.349644
0.345465
0.343657
0.349469
0.341909
0.354711
0.350632
0.348776
0.358053
0.351744
0.350281
0.356105
0.346106
0.349462
0.347763
0.346518
0.347337
0.359194
0.340160
0.353530
0.369246
0.350746
0.339544
0.393707
0.347247
0.347174
0.349182
0.366349
0.353247
0.353723
0.349596
0.343566
0.352094
0.342897
0.351443
0.347309
0.356950
0.365910
0.353956
0.349457
0.357503
0.356872
0.352404
0.351005
0.348823
0.350246
0.346549
0.355805
0.361398
0.365023
0.346191
0.368022
0.346539
0.342078
0.354101
0.342000
0.360554
0.344496
0.351348
0.362302
0.348775
0.351587
0.351164
0.358637
0.367430
0.353118
0.346397
0.347688
0.349984
0.344914
0.339355
0.339682
0.351109
0.339417
0.346752
0.340462
0.342951
0.353864
0.350207
0.341594
0.353700
0.355088
0.365696
0.361533
0.388644
0.346154
0.336784
0.349085
0.353401
0.338579
0.346321
0.355773
0.359576
0.348454
0.352120
0.352840
0.346233
0.359580
0.343297
0.344803
0.342891
0.356950
0.352486
0.355615
0.350214
0.351554
0.345317
0.349322
0.347389
0.354620
0.344357
0.344882
0.345341
0.347715
0.352369
0.351175
0.344205
0.347531
0.365896
0.357653
0.345814
0.345075
0.348721
0.347291
0.344255
0.345972
0.355431
0.366733
0.341180
0.357417
0.343637
0.348887
0.353483
0.346016
0.362446
0.350908
0.346012
0.356990
0.345330
0.350862
0.340175
0.345840
0.352942
0.339065
0.343880
0.357202
0.366572
0.343980
0.353282
0.347210
0.351782
0.350515
0.344279
0.358181
0.345595
0.348575
0.349433
0.340815
0.371197
0.347170
0.382109
0.344849
0.365018
0.418499
0.362370
0.357247
0.340003
0.341557
0.341579
0.356590
0.342739
0.354312
0.348623
0.358432
0.348506
0.341893
0.347061
0.358833
0.343966
0.356153
0.342265
0.338892
0.350240
0.343437
0.386514
0.347699
0.355800
0.344074
0.342174
0.352519
0.359259
0.352359
0.357475
0.348900
0.347517
0.365779
0.348047
0.350903
0.365486
0.347165
0.343112
0.341184
0.356324
0.344827
0.348880
0.344431
0.345572
0.344993
0.344611
0.375061
0.350578
0.372205
0.364396
0.353321
0.362649
0.360285
0.346841
0.342306
0.359710
0.346911
0.345934
0.348604
0.356437
0.345419
0.339325
0.349323
0.342433
0.339604
0.346527
0.365838
0.350182
0.359020
0.344258
0.358588
0.343938
0.348744
0.348019
0.348150
0.351452
0.353384
0.346715
0.355892
0.352579
0.350567
0.340405
0.363535
0.347286
0.351970
0.339088
0.349055
0.338231
0.382931
0.345190
0.357406
0.348757
0.347440
0.343908
0.342941
0.358796
0.349622
0.345680
0.344721
0.356193
0.345712
0.339459
0.359359
0.362635
0.343947
0.337025
0.356651
0.344582
0.348731
0.351992
0.344272
0.343699
0.344820
0.352505
0.357964
0.345618
0.350473
0.341456
0.344724
0.348672
0.348388
0.350666
0.350840
0.344017
0.345534
0.342338
0.363639
0.355251
0.348390
0.382157
0.352317
0.344178
0.348827
0.354884
0.346256
0.356284
0.340750
0.353812
0.344573
0.356996
0.362786
0.354894
0.365792
0.356836
0.345017
0.352446
0.353827
0.347513
0.342336
0.354897
0.339050
0.347550
0.354174
0.350209
0.362581
0.410647
0.338385
0.349106
0.345016
0.337003
0.357427
0.354594
0.348109
0.346705
0.342844
0.341283
0.338610
0.340536
0.345515
0.366019
0.351120
0.344981
0.361316
0.343904
0.343814
0.351108
0.341609
0.348371
0.339371
0.361033
0.346941
0.355645
0.352334
0.357184
0.352620
0.350519
0.347557
0.339388
0.354275
0.351232
0.350080
0.340979
0.339511
0.342084
0.348298
0.341243
0.362257
0.364812
0.350321
0.344651
0.349223
0.352551
0.354536
0.344284
0.341028
0.357612
0.352185
0.340399
0.352667
0.345736
0.356295
0.352151
0.347452
0.348113
0.345374
0.347106
0.339192
0.347306
0.344393
0.347718
0.386238
0.379340
0.349856
0.351767
0.344715
0.360066
0.338992
0.343065
0.343521
0.348402
0.343258
0.365866
0.353714
0.363868
0.350181
0.357780
0.357792
0.339138
0.347967
0.349065
0.346055
0.357247
0.343711
0.347451
0.362341
0.348223
0.351448
0.343879
0.351382
0.351962
0.361240
0.340795
0.341267
0.348912
0.335464
0.353634
0.338887
0.346014
0.348466
0.365235
0.342922
0.377833
0.341861
0.372388
0.348579
0.354551
0.348272
0.347733
0.349163
0.346049
0.363911
0.344664
0.350485
0.345825
0.348702
0.339853
0.346772
0.349056
0.353578
0.340834
0.361688
0.345570
0.352649
0.343359
0.361683
0.361482
0.351268
0.339377
0.363438
0.341057
0.361921
0.342090
0.378829
0.345832
0.338253
0.345005
0.345773
0.339861
0.343391
0.347084
0.349785
0.360877
0.359195
0.352493
0.360471
0.353967
0.343073
0.352801
0.341190
0.347860
0.342596
0.347842
0.344303
0.351513
0.345793
0.354758
0.351506
0.345516
0.368553
0.346252
0.340318
0.355773
0.346909
0.348224
0.362516
0.338344
0.345490
0.348854
0.347781
0.341628
0.338958
0.354406
0.356357
0.346188
0.348364
0.350289
0.347424
0.346846
0.354045
0.341217
0.347775
0.338530
0.356224
0.342494
0.343172
0.374016
0.341185
0.350772
0.356589
0.346409
0.364188
0.346058
0.368764
0.347226
0.346563
0.344018
0.353559
0.343242
0.354386
0.359166
0.344538
0.343810
0.367719
0.342168
0.345800
0.341063
0.352699
0.351356
0.350744
0.343237
0.356722
0.339285
0.375735
0.341028
0.346506
0.350385
0.338574
0.338713
0.354137
0.353563
0.345378
0.339838
0.346095
0.339386
0.342138
0.350247
0.346544
0.355649
0.350378
0.354084
0.344429
0.348087
0.341935
0.379339
0.341822
0.370292
0.358915
0.347483
0.350594
0.353078
0.349977
0.350986
0.341862
0.340951
0.346992
0.357479
0.343324
0.348043
0.346134
0.347250
0.347911
0.346119
0.361788
0.358156
0.347536
0.344361
0.343615
0.338815
0.342958
0.356937
0.354699
0.343590
0.340605
0.341801
0.338721
0.352558
0.349805
0.349803
0.343430
0.424918
0.340239
0.349787
0.339137
0.348111
0.392569
0.347596
0.348246
0.352737
0.364046
0.369896
0.355677
0.342040
0.365852
0.348134
0.364006
0.342426
0.349387
0.353073
0.346751
0.342652
0.352923
0.357497
0.365455
0.341152
0.345018
0.357244
0.352363
0.340471
0.351002
0.345482
0.343567
0.344719
0.346212
0.357041
0.346941
0.355853
0.344528
0.351898
0.368039
0.345532
0.355303
0.342880
0.347411
0.340728
0.343287
0.349859
0.355405
0.357883
0.374905
0.351058
0.351836
0.346433
0.353274
0.355090
0.338272
0.344562
0.341854
0.350751
0.356354
0.345154
0.348485
0.347751
0.372670
0.369359
0.348168
0.355371
0.356355
0.350134
0.344398
0.346286
0.344388
0.374765
0.342010
0.344422
0.347516
0.345090
0.342670
0.358744
0.349251
0.353136
0.340442
0.340609
0.347651
0.349485
0.345260
0.344681
0.369144
0.354514
0.367779
0.348752
0.346743
0.345803
0.350439
0.344793
0.347003
0.351505
0.349383
0.342112
0.347755
0.347704
0.346235
0.358190
0.386244
0.343691
0.339614
0.343050
0.353922
0.348584
0.343991
0.380956
0.346407
0.346832
0.344387
0.348226
0.346190
0.342590
0.367979
0.379916
0.349370
0.355590
0.353568
0.347572
0.374971
0.345105
0.343824
0.351936
0.344122
0.345836
0.363005
0.343321
0.341496
0.353865
0.351476
0.346622
0.339448
0.356608
0.394934
0.377511
0.365639
0.403086
0.342641
0.346166
0.341062
0.352775
0.341670
0.347526
0.353988
0.348143
0.369686
0.350627
