1.785451
3.712409
3.934383
4.183764
4.375626
4.629121
4.935833
5.270445
5.522953
5.601239
5.610912
5.550653
5.483867
5.527818
5.585464
5.622275
5.570578
5.525489
5.538279
5.517544
5.564850
5.560250
5.536773
5.490198
5.430990
5.563340
5.548647
5.560149
5.509063
5.563687
5.495208
5.546400
5.603359
5.531166
5.473693
5.518394
5.550802
5.576585
5.592411
5.550451
5.562759
5.578323
5.563167
5.476813
5.577040
5.482980
5.559174
5.570294
5.538532
5.560490
5.586370
5.577173
5.545168
5.440839
5.497693
5.563348
5.541426
5.577087
5.558751
5.583027
5.592105
5.572188
5.501564
5.518653
5.531338
5.604522
5.565022
5.589142
5.564285
5.497487
5.542079
5.598896
5.610429
5.493336
5.491027
5.560719
5.578799
5.590357
5.500881
5.494693
5.437109
5.550604
5.433250
5.539254
5.547223
5.553246
5.550574
5.501514
5.541079
5.589283
5.578608
5.600354
5.561686
5.506615
5.563691
5.604820
5.590676
5.574901
5.540591
5.562136
5.554096
5.583281
5.530861
5.552014
5.520328
5.500630
5.512328
5.551915
5.575324
5.547433
5.416802
5.549872
5.541067
5.587819
5.568501
5.538815
5.525687
5.549446
5.563040
5.507834
5.342323
5.275849
5.582962
5.566782
5.561973
5.422040
5.538044
5.602867
5.569210
5.587026
5.561053
5.530978
5.495058
5.515024
5.557051
5.564492
5.563427
5.539635
5.682048
5.578466
5.587527
5.591115
5.438173
5.502788
5.580034
5.535736
5.586934
5.520096
5.551842
5.537713
5.545724
5.556200
5.623947
5.607934
5.514760
5.522952
5.561805
5.534582
5.596109
5.550335
5.586856
5.566482
5.580416
5.547120
5.580597
5.465875
5.519746
5.446638
5.558178
5.564328
5.584479
5.541195
5.496618
5.542072
5.546531
5.597614
5.448256
5.568085
5.484788
5.541879
5.543648
5.534528
5.466454
5.522148
5.560279
5.528759
5.561512
5.549516
5.531183
5.548063
5.538920
5.564974
5.560763
5.488707
5.556945
5.502697
5.415166
5.525509
5.570531
5.512782
5.528587
5.600826
5.550140
5.566387
5.531003
5.501326
5.572600
5.551975
5.507528
5.577188
5.550457
5.496544
5.548421
5.500837
5.543059
5.543221
5.518040
5.422954
5.583148
5.590825
5.603788
5.566861
5.534744
5.475222
5.441569
5.520128
5.569452
5.571142
5.481641
5.516283
5.554640
5.530589
5.594853
5.375790
5.473897
5.472140
5.566785
5.528068
5.572125
5.487034
5.580170
5.554681
5.569075
5.564027
5.566158
5.526852
5.553787
5.570608
5.523304
5.511409
5.581635
5.545541
5.643778
5.518953
5.551357
5.586272
5.515825
5.523973
5.571145
5.598515
5.561899
5.545770
5.527239
5.523918
5.608462
5.540168
5.605054
5.482078
5.544812
5.537713
5.529290
5.524008
5.590866
5.513271
5.517722
5.522442
5.576467
5.528921
5.512593
5.467964
5.577888
5.512217
5.591550
5.570804
5.574515
5.556019
5.485975
5.477405
5.558020
5.549192
5.566017
5.574439
5.558935
5.435930
5.344459
5.379713
5.448030
5.520775
5.578846
5.590781
5.576194
5.347289
5.491250
5.551827
5.588342
5.555339
5.541748
5.567280
5.576324
5.429651
5.569379
5.541264
5.547192
5.494679
5.554016
5.547424
5.564848
5.530109
5.533302
5.542986
5.514711
5.579738
5.611056
5.547866
5.568496
5.599085
5.518917
5.554190
5.591428
5.576348
5.551895
5.574303
5.481921
5.575971
5.553103
5.568301
5.491447
5.531894
5.439050
5.534434
5.601625
5.526934
5.497607
5.542915
5.542439
5.552446
5.568228
5.556575
5.538333
5.502485
5.588529
5.497410
5.588602
5.523998
5.517344
5.524951
5.538409
5.539056
5.544083
5.470574
5.517875
5.578858
5.498418
5.527169
5.495041
5.463106
5.531423
5.449000
5.521600
5.553466
5.504241
5.578341
5.513073
5.545817
5.533128
5.541467
5.482670
5.573240
5.555374
5.620391
5.424747
5.533260
5.536882
5.539579
5.568693
5.569757
5.568842
5.559516
5.590179
5.559097
5.518349
5.563686
5.514410
5.516661
5.579878
5.518947
5.497198
5.536453
5.524127
5.552575
5.514658
5.536798
5.565128
5.571153
5.489906
5.573978
5.571065
5.578398
5.550538
5.573678
5.545763
5.520012
5.552096
5.550966
5.533329
5.572129
5.541139
5.542102
5.576851
5.587627
5.579488
5.549345
5.545785
5.503316
5.509752
5.538494
5.580740
5.551140
5.570753
5.525834
5.517299
5.567885
5.600637
5.481417
5.587581
5.569090
5.562656
5.578667
5.568801
5.499693
5.545055
5.491040
5.543108
5.530574
5.541162
5.567258
5.533631
5.574601
5.508903
5.518986
5.506104
5.430857
5.516839
5.556737
5.524836
5.446289
5.544956
5.535960
5.531068
5.578472
5.609091
5.483500
5.555427
5.582312
5.557022
5.581949
5.588674
5.388800
5.430254
5.539814
5.608582
5.484705
5.599248
5.492230
5.508198
5.561826
5.504556
5.630961
5.613554
5.533970
5.465725
5.539597
5.544835
5.569594
5.633546
5.559415
5.503559
5.558434
5.581986
5.571089
5.509064
5.519057
5.573834
5.596550
5.578843
5.619787
5.506023
5.584828
5.531954
5.526638
5.576370
5.463811
5.432182
5.496744
5.507954
5.545485
5.558021
5.517726
5.573303
5.477011
5.567238
5.512463
5.570603
5.466283
5.455344
5.628560
5.504132
5.583929
5.571514
5.585451
5.528751
5.511059
5.507356
5.567979
5.549658
5.531078
5.542410
5.564939
5.533907
5.539948
5.466375
5.544180
5.550066
5.441060
5.571729
5.524070
5.552650
5.537930
5.558415
5.637065
5.601954
5.539889
5.522649
5.509098
5.308347
5.547073
5.558121
5.574558
5.552337
5.544195
5.583217
5.571761
5.582389
5.552364
5.515085
5.588407
5.599625
5.570903
5.581709
5.582956
5.503502
5.545468
5.563105
5.554834
5.499478
5.583000
5.503312
5.508753
5.516290
5.604285
5.507783
5.547959
5.569018
5.564033
5.469232
5.537592
5.612971
5.569728
5.510668
5.569964
5.590917
5.569952
5.578572
5.518244
5.523341
5.554416
5.562439
5.499767
5.547742
5.560030
5.552439
5.447736
5.559278
5.482156
5.558752
5.580470
5.566876
5.624951
5.526311
5.560646
5.524839
5.561630
5.530086
5.569263
5.563096
5.482703
5.544987
5.574292
5.541689
5.589060
5.480428
5.528756
5.495401
5.505491
5.573188
5.644747
5.544101
5.509935
5.537793
5.621322
5.592374
5.527869
5.499908
5.444405
5.549844
5.534740
5.573387
5.499766
5.605812
5.534663
5.520244
5.583747
5.461518
5.517337
5.523123
5.554088
5.508150
5.577247
5.625498
5.581630
5.481263
5.352332
5.165918
5.511822
5.528784
5.585705
5.584818
5.589461
5.537916
5.530072
5.525688
5.435633
5.502566
5.525625
5.551464
5.603023
5.523344
5.497453
5.588890
5.549582
5.560322
5.567588
5.552094
5.489607
5.551968
5.576099
5.422903
5.457125
5.593148
5.583776
5.603459
5.604287
5.612604
5.523223
5.564418
5.589691
5.589610
5.581536
5.607024
5.560974
5.504893
5.551788
5.552577
5.578311
5.562425
5.544288
5.559725
5.501129
5.482503
5.564855
5.441082
5.500639
5.576693
5.582386
5.611678
5.599651
5.571983
5.405053
5.346033
5.584306
5.618929
5.604976
5.578439
5.547901
5.513134
5.545522
5.515272
5.490167
5.533868
5.543033
5.516191
5.583552
5.576408
5.516330
5.550014
5.541656
5.558796
5.557761
5.559803
5.438455
5.422378
5.561273
5.543290
5.576272
5.482948
5.565368
5.535476
5.505220
5.673033
5.567462
5.508526
5.524700
5.601170
5.582534
5.556026
5.584591
5.535806
5.531615
5.529501
5.587968
5.583536
5.531364
5.521963
5.409984
5.319475
5.262766
5.576237
5.425628
5.473255
5.571723
5.624282
5.554919
5.645571
5.548911
5.516211
5.537072
5.588431
5.615819
5.566056
5.691641
5.503741
5.471318
5.471470
5.581552
5.426994
5.506554
5.477454
5.626702
5.551211
5.569507
5.506198
5.536981
5.541543
5.566252
5.566332
5.562850
5.486503
5.495499
5.585591
5.605369
5.615651
5.607452
5.425365
5.527214
5.554011
5.515391
5.580292
5.466669
5.548045
5.531674
5.540204
5.409329
5.566962
5.573025
5.479836
5.550774
5.534192
5.548874
5.579446
5.559506
5.481561
5.529416
5.543636
5.560709
5.440214
5.587950
5.580001
5.610939
5.548819
5.568436
5.478592
5.462994
5.542754
5.592590
5.287063
5.515254
5.489562
5.530017
5.558502
5.558146
5.431515
5.455440
5.535154
5.437589
5.586616
5.578351
5.572234
5.463507
5.571750
5.471749
5.573996
5.555076
5.561394
5.598488
5.563471
5.543791
5.594352
5.576857
5.560103
5.563822
5.468803
5.541254
5.545503
5.595663
5.526323
5.538509
5.551347
5.562046
5.531785
5.602735
5.506719
5.466130
5.607493
5.541618
5.609128
5.561304
5.588118
5.492639
5.558440
5.561295
5.560100
5.472865
5.579264
5.565901
5.575256
5.560139
5.529748
5.452738
5.483383
5.567489
5.540116
5.510998
5.549336
5.534387
5.479037
5.569809
5.616563
5.562757
5.527067
5.553750
5.518285
5.551309
5.549941
5.529055
5.456939
5.551885
5.607288
5.444509
5.513509
5.448636
5.528312
5.504004
5.535010
5.573105
5.554583
5.566938
5.577761
5.478026
5.495855
5.601069
5.541703
5.498663
5.582747
5.531783
5.585577
5.559542
5.586370
5.499677
5.501886
5.503129
5.578550
5.526569
5.590524
5.534849
5.501414
5.519363
5.508694
5.555676
5.524124
5.592766
5.576045
5.579466
5.537810
5.540839
5.528836
5.533674
5.580080
5.525953
5.462458
5.542020
5.557819
5.523726
5.571284
5.587668
5.555929
5.571760
5.564884
5.513013
5.549442
5.571957
5.558240
5.538458
5.559330
5.583328
5.547509
5.560451
5.524721
5.473707
5.509836
5.535084
5.431798
5.560664
5.458120
5.529435
5.466449
5.536111
5.580710
5.614882
5.509947
5.548300
5.547234
5.427732
5.573121
5.490328
5.510567
5.547500
5.482928
5.501679
5.607415
5.378756
5.535928
5.471148
5.528003
5.575057
5.485718
5.617409
5.584283
5.543840
5.511848
5.500233
5.520911
5.470787
5.554520
5.561218
5.544008
5.510508
5.542228
5.626380
5.444712
5.315904
5.111030
5.567598
5.567271
5.516372
5.522550
5.530971
5.585979
5.553703
5.505472
5.632277
