0.001007
0.001020
0.000980
0.002441
0.001179
0.000075
0.001809
0.001073
0.001023
0.001013
0.001024
0.001429
0.001833
0.002759
0.001002
0.001056
0.001041
0.001333
0.001041
0.001368
0.001073
0.001815
0.002739
0.002454
0.000976
0.002465
0.001273
0.001845
0.001041
0.001059
0.001149
0.001013
0.002813
0.001031
0.001092
0.001245
0.000203
0.001105
0.001817
0.001039
0.001098
0.001171
0.001056
0.002346
0.001057
0.001016
0.001525
0.001029
0.002735
0.001345
0.001083
0.001090
0.003935
0.002566
0.001330
0.001083
0.003146
0.000979
0.002713
0.001066
0.001031
0.001091
0.001127
0.001067
0.001013
0.001099
0.002359
0.001011
0.001452
0.001047
0.000987
0.001032
0.002386
0.001394
0.001017
0.001507
0.001077
0.001060
0.000977
0.002254
0.001036
0.001072
0.001454
0.000992
0.001579
0.001855
0.000990
0.001818
0.001073
0.001033
0.001026
0.001056
0.001043
0.001737
0.001014
0.001054
0.001072
0.002282
0.000993
0.001019
0.001236
0.001870
0.001043
0.001092
0.002867
0.001143
0.001191
0.001102
0.001138
0.001055
0.001124
0.002477
0.001898
0.001066
0.001032
0.001057
0.002711
0.001134
0.001028
0.002657
0.001053
0.001124
0.000948
0.001399
0.000992
0.001018
0.001018
0.001047
0.002269
0.001078
0.001065
0.001381
0.001098
0.001057
0.000995
0.000983
0.002307
0.001010
0.001003
0.001090
0.001374
0.001008
0.001031
0.001367
0.001090
0.001006
0.001060
0.001093
0.000983
0.001073
0.001016
0.001037
0.001026
0.001042
0.002971
0.001074
0.001880
0.001855
0.001079
0.001044
0.001042
0.001050
0.001050
0.001061
0.001797
0.001156
0.001017
0.001871
0.002546
0.001021
0.000992
0.001041
0.001293
0.001868
0.001075
0.001027
0.000982
0.000977
0.003930
0.001647
0.002463
0.001031
0.001037
0.001410
0.001569
0.000988
0.001047
0.001032
0.001674
0.001642
0.001612
0.001045
0.001258
0.000921
0.000970
0.002700
0.001039
0.001064
0.001911
0.002042
0.001385
0.001254
0.001179
0.000987
0.001120
0.001068
0.001215
0.001464
0.001085
0.003193
0.001035
0.001002
0.001331
0.001019
0.000988
0.001828
0.001031
0.001069
0.001025
0.001012
0.001303
0.002060
0.001016
0.001419
0.001115
0.001185
0.001706
0.000982
0.001490
0.001025
0.001169
0.001040
0.001918
0.001048
0.000938
0.002758
0.001071
0.001089
0.002418
0.001397
0.001087
0.001013
0.001075
0.001035
0.001032
0.001094
0.001021
0.001511
0.001001
0.001689
0.001009
0.001040
0.001242
0.001057
0.003585
0.001927
0.001064
0.001037
0.001029
0.000968
0.001372
0.001002
0.002276
0.001109
0.001046
0.001054
0.001058
0.002352
0.000949
0.002123
0.002689
0.001175
0.001317
0.001289
0.001007
0.001066
0.001699
0.001055
0.001637
0.003346
0.001061
0.001129
0.001035
0.001059
0.001152
0.002778
0.001220
0.001045
0.001463
0.002688
0.001035
0.001616
0.001039
0.001245
0.001066
0.001021
0.001114
0.001712
0.001324
0.001226
0.001072
0.001033
0.001005
0.002888
0.002146
0.002120
0.001008
0.001018
0.001039
0.001052
0.000979
0.000998
0.000960
0.001028
0.001232
0.001098
0.001311
0.001036
0.001645
0.001069
0.001086
0.000981
0.001119
0.001482
0.002385
0.000057
0.000944
0.000931
0.000963
0.001922
0.002319
0.001010
0.001049
0.000945
0.000990
0.003933
0.001073
0.001065
0.001221
0.001036
0.001009
0.001085
0.001016
0.000983
0.001832
0.001037
0.001113
0.001833
0.001308
0.003094
0.001176
0.000988
0.001659
0.001007
0.002683
0.001437
0.001035
0.001014
0.001054
0.001026
0.002589
0.002098
0.001866
0.001043
0.001067
0.001027
0.001058
0.001548
0.001796
0.002576
0.001098
0.001063
0.001021
0.000951
0.003744
0.002329
0.003424
0.001036
0.000915
0.001004
0.001081
0.001122
0.002636
0.001569
0.001541
0.001359
0.002382
0.001025
0.001987
0.001103
0.001059
0.001099
0.001480
0.000950
0.001029
0.002362
0.002270
0.000989
0.001067
0.001014
0.001022
0.001149
0.002484
0.001157
0.001052
0.001157
0.001133
0.001902
0.001142
0.002666
0.001054
0.001848
0.004481
0.001228
0.001097
0.001011
0.001036
0.001093
0.001575
0.001113
0.000927
0.001801
0.001547
0.003145
0.000999
0.000965
0.001050
0.001821
0.001067
0.002367
0.000975
0.000416
0.000978
0.000993
0.001117
0.000946
0.001057
0.001074
0.002307
0.000968
0.001007
0.001398
0.001092
0.001843
0.001054
0.001027
0.001016
0.001849
0.001377
0.001021
0.001930
0.001075
0.003270
0.001035
0.001071
0.001531
0.001005
0.001553
0.001066
0.002239
0.000641
0.001064
0.001092
0.001062
0.001029
0.003099
0.000999
0.002673
0.001020
0.001122
0.003521
0.001033
0.001757
0.000910
0.001308
0.001040
0.002266
0.001165
0.002660
0.001266
0.001054
0.001034
0.002065
0.001066
0.001217
0.001063
0.001012
0.001176
0.001936
0.001091
0.000991
0.001034
0.001032
0.001471
0.001584
0.001019
0.001038
0.000960
0.001013
0.001022
0.001805
0.001105
0.001058
0.001064
0.001064
0.000992
0.000959
0.001641
0.001494
0.001261
0.001064
0.001116
0.002375
0.001080
0.001938
0.001055
0.002494
0.001108
0.001078
0.001091
0.003343
0.001040
0.001021
0.002183
0.001484
0.000999
0.001053
0.001076
0.002351
0.001039
0.001670
0.001834
0.001593
0.001836
0.000970
0.001765
0.001023
0.001014
0.001474
0.001102
0.001888
0.001030
0.001189
0.001129
0.000967
0.000983
0.001260
0.002346
0.001047
0.001059
0.002795
0.001694
0.001010
0.001631
0.002609
0.001810
0.001031
0.003152
0.002101
0.001050
0.001032
0.001054
0.001069
0.001124
0.001066
0.000991
0.002687
0.001174
0.001450
0.001151
0.002576
0.001654
0.001077
0.001596
0.001090
0.002730
0.001395
0.001030
0.001548
0.001125
0.001843
0.001156
0.000966
0.001997
0.001057
0.001110
0.000988
0.001067
0.002539
0.001054
0.001049
0.001029
0.001747
0.001816
0.002605
0.000977
0.002279
0.001201
0.001055
0.000999
0.001599
0.001848
0.001055
0.002205
0.001944
0.002454
0.001053
0.001073
0.001004
0.002427
0.002273
0.001049
0.001038
0.002272
0.002408
0.001093
0.001829
0.001055
0.001076
0.001130
0.001152
0.001062
0.001161
0.001003
0.001017
0.001062
0.002227
0.001079
0.001049
0.001209
0.001054
0.001279
0.002414
0.001070
0.002285
0.001157
0.001476
0.001288
0.001085
0.001123
0.001011
0.001000
0.000993
0.000998
0.001824
0.001044
0.001042
0.001050
0.001007
0.001000
0.000978
0.001874
0.001032
0.001996
0.002440
0.003752
0.001037
0.000947
0.001572
0.001079
0.001791
0.001076
0.001021
0.001100
0.001844
0.001019
0.001038
0.001998
0.001038
0.001094
0.001038
0.000964
0.002982
0.001051
0.001037
0.001041
0.002393
0.001116
0.001084
0.001079
0.001085
0.001149
0.001538
0.001146
0.002452
0.003989
0.001121
0.001083
0.001048
0.002318
0.001048
0.001087
0.001025
0.001108
0.001050
0.001388
0.001033
0.001066
0.002776
0.001011
0.003239
0.000979
0.001266
0.000990
0.001114
0.001087
0.001685
0.001045
0.001104
0.001025
0.001210
0.001574
0.001089
0.002128
0.002124
0.001963
0.001065
0.001284
0.002425
0.000957
0.001045
0.000951
0.001014
0.001104
0.001588
0.001049
0.001285
0.000927
0.001050
0.000990
0.000957
0.001046
0.000965
0.000973
0.001595
0.001055
0.000995
0.001164
0.001089
0.002544
0.001064
0.001202
0.001067
0.001032
0.001001
0.001563
0.001070
0.001654
0.001223
0.001011
0.002042
0.001028
0.002628
0.000998
0.000983
0.000973
0.002398
0.001185
0.001032
0.001161
0.001007
0.001018
0.001537
0.001055
0.000975
0.001018
0.001036
0.001888
0.000953
0.001018
0.001413
0.002522
0.001889
0.001029
0.004342
0.001062
0.002333
0.001013
0.001028
0.001051
0.000973
0.001858
0.001039
0.001017
0.001069
0.001005
0.001078
0.001025
0.002553
0.001010
0.001034
0.002176
0.001040
0.001113
0.001093
0.000935
0.000961
0.000908
0.001180
0.000929
0.001063
0.001038
0.001016
0.001008
0.001497
0.001064
0.001028
0.001071
0.002752
0.002309
0.001081
0.001069
0.002777
0.001025
0.001610
0.001073
0.001039
0.001092
0.001023
0.000990
0.001859
0.002761
0.001116
0.002146
0.002919
0.001184
0.001143
0.001000
0.001116
0.002211
0.001161
0.002109
0.001874
0.001095
0.001877
0.001060
0.001038
0.001342
0.001823
0.001034
0.001061
0.001052
0.001035
0.001450
0.001415
0.001575
0.002342
0.001060
0.001031
0.001055
0.001522
0.001038
0.001023
0.000995
0.001034
0.001093
0.002628
0.001132
0.002480
0.001012
0.001040
0.001139
0.002112
0.001032
0.001070
0.002783
0.002282
0.000992
0.001003
0.001066
0.001403
0.001417
0.001040
0.001143
0.001998
0.001079
0.001052
0.001083
0.000968
0.001048
0.002500
0.001172
0.002412
0.001028
0.001037
0.001030
0.001048
0.000972
0.001236
0.001032
0.001035
0.001016
0.001034
0.001892
0.001001
0.001041
0.001989
0.001038
0.002321
0.001048
0.001009
0.002926
0.001049
0.001851
0.001045
0.001587
0.001513
0.001045
0.002681
0.001860
0.001019
0.001067
0.001187
0.001006
0.001121
0.001126
0.000987
0.001003
0.001029
0.001579
0.000973
0.001115
0.002036
0.001167
0.001110
0.001552
0.001161
0.001448
0.001236
0.001675
0.001972
0.001056
0.001056
0.001079
0.002323
0.001833
0.000933
0.001075
0.001423
0.002509
0.001044
0.001064
0.001045
0.001060
0.002478
0.001057
0.001105
0.001050
0.001031
0.001064
0.001791
0.001091
0.001063
0.001037
0.001075
0.001061
0.001062
0.001063
0.002131
0.000997
0.001014
0.001668
0.001928
0.001236
0.002378
0.001148
0.001698
0.001160
0.001002
0.002216
0.001049
0.001058
0.001109
0.001042
0.002715
0.001029
0.001100
0.002540
0.001663
0.001073
0.001032
0.000059
0.001054
0.002908
0.000973
0.001045
0.001053
0.002373
0.001026
0.000989
0.001418
0.001050
0.001074
0.001434
0.001642
0.001063
0.000928
0.002392
0.001068
0.001015
