0.003444
0.046375
0.005082
0.003227
0.003146
0.003218
0.003133
0.003121
0.003060
0.003444
0.002938
0.003004
0.003636
0.003908
0.003098
0.003065
0.002906
0.003424
0.003182
0.003042
0.003061
0.003058
0.003051
0.002894
0.002827
0.002987
0.003118
0.002964
0.004951
0.003093
0.004078
0.003328
0.004175
0.003204
0.003471
0.003140
0.003215
0.003103
0.003211
0.003095
0.002973
0.003053
0.003285
0.003206
0.046824
0.003611
0.002997
0.002952
0.003151
0.002932
0.003989
0.003031
0.003070
0.003019
0.003315
0.002963
0.002963
0.002980
0.003363
0.003323
0.003144
0.003678
0.046915
0.003029
0.003164
0.003268
0.002948
0.003191
0.003027
0.009404
0.003184
0.003158
0.002956
0.002828
0.003154
0.003233
0.004170
0.003123
0.003049
0.003512
0.003279
0.002872
0.003119
0.003766
0.003043
0.003029
0.003098
0.003603
0.003538
0.003162
0.003057
0.003141
0.003116
0.003115
0.003179
0.012060
0.011151
0.002955
0.003046
0.003098
0.003017
