0.012918
0.013122
0.013079
0.013405
0.014041
0.013149
0.013603
0.015709
0.013471
0.013332
0.013304
0.013016
0.013107
0.013479
0.014077
0.014687
0.013330
0.013366
0.013693
0.018220
0.013242
0.013263
0.013437
0.014170
0.013411
0.014022
0.013473
0.013977
0.013814
0.013468
0.013586
0.013151
0.014403
0.013798
0.013457
0.013592
0.013337
0.013177
0.014620
0.013269
0.013401
0.013135
0.013402
0.013407
0.013289
0.013255
0.013104
0.014040
0.013285
0.013711
0.013378
0.014064
0.019197
0.013462
0.014472
0.013348
0.013413
0.013090
0.013360
0.013891
0.013749
0.013468
0.013234
0.013134
0.013354
0.013372
0.013656
0.013280
0.013314
0.013584
0.013349
0.014581
0.013249
0.014328
0.013163
0.013400
0.013481
0.012913
0.013606
0.013896
0.013111
0.013367
0.013354
0.013395
0.013489
0.013019
0.013111
0.013370
0.013253
0.013585
0.013551
0.014038
0.014773
0.014143
0.019329
0.013449
0.013427
0.013386
0.014180
0.014276
