0.090813
0.092788
0.094983
0.094281
0.106318
0.099416
0.106973
0.103759
0.091902
0.092500
0.093995
0.104987
0.094949
0.099893
0.091184
0.093159
0.090708
0.092394
0.092309
0.090371
0.089921
0.095819
0.086534
0.090759
0.090608
0.095736
0.115946
0.089176
0.091045
0.088993
0.089139
0.088732
0.087276
0.106652
0.088876
0.089007
0.087971
0.096810
0.090967
0.088150
0.087156
0.087809
0.087132
0.088832
0.089082
0.087465
0.089510
0.088879
0.092060
0.089420
0.091070
0.089896
0.088421
0.088812
0.087626
0.088994
0.088819
0.087890
0.092288
0.090824
0.089595
0.088623
0.088269
0.089654
0.090066
0.087914
0.090093
0.089239
0.095871
0.088688
0.088372
0.089811
0.094949
0.088619
0.089472
0.088432
0.089259
0.094262
0.089773
0.094614
0.089950
0.095091
0.093811
0.089963
0.092364
0.091934
0.091323
0.091216
0.089650
0.089984
0.092127
0.091817
0.093409
0.091318
0.091745
0.090826
0.091647
0.091807
0.090579
0.090179
