0.090447
0.092426
0.094591
0.093943
0.105961
0.099060
0.106639
0.103313
0.091558
0.092164
0.093654
0.104630
0.094614
0.099552
0.090837
0.092828
0.090335
0.092058
0.091964
0.090042
0.089569
0.095481
0.086179
0.090426
0.090291
0.095410
0.115559
0.088853
0.090729
0.088684
0.088773
0.088385
0.086962
0.106313
0.088576
0.088693
0.087650
0.096494
0.090645
0.087847
0.086858
0.087428
0.086806
0.088510
0.088780
0.087159
0.089207
0.088544
0.091759
0.089085
0.090749
0.089596
0.088118
0.088374
0.087310
0.088678
0.088499
0.087579
0.091952
0.090510
0.089268
0.088115
0.087914
0.089319
0.089753
0.087580
0.089694
0.088888
0.095554
0.088367
0.088028
0.089492
0.094660
0.088302
0.089143
0.088116
0.088942
0.093959
0.089457
0.094311
0.089633
0.094758
0.093394
0.089627
0.092004
0.091634
0.091007
0.090909
0.089338
0.089668
0.091801
0.091496
0.093083
0.091006
0.091428
0.090489
0.090951
0.091454
0.090211
0.089861
